2.700000000000000000e+01
2.700000000000000000e+01
2.700000000000000000e+01
2.700000000000000000e+01
2.700000000000000000e+01
2.700000000000000000e+01
2.700000000000000000e+01
2.700000000000000000e+01
2.700000000000000000e+01
2.700000000000000000e+01
2.700000000000000000e+01
2.700000000000000000e+01
2.700000000000000000e+01
2.700000000000000000e+01
2.700000000000000000e+01
2.700000000000000000e+01
2.700000000000000000e+01
2.697802600256363448e+01
2.695605200512726540e+01
2.689013001281816528e+01
2.686815601538179976e+01
2.684618201794543069e+01
2.684618201794543069e+01
2.684618201794543069e+01
2.684618201794543069e+01
2.684618201794543069e+01
2.684618201794543069e+01
2.684618201794543069e+01
2.684618201794543069e+01
2.684618201794543069e+01
2.684618201794543069e+01
2.684618201794543069e+01
2.684618201794543069e+01
2.684618201794543069e+01
2.684618201794543069e+01
2.684618201794543069e+01
2.684618201794543069e+01
2.684618201794543069e+01
2.684618201794543069e+01
2.684618201794543069e+01
2.684618201794543069e+01
2.684618201794543069e+01
2.686815601538179976e+01
2.684618201794543069e+01
2.684618201794543069e+01
2.684618201794543069e+01
2.684618201794543069e+01
2.684618201794543069e+01
2.684618201794543069e+01
2.684618201794543069e+01
2.684618201794543069e+01
2.684618201794543069e+01
2.684618201794543069e+01
2.684618201794543069e+01
2.684618201794543069e+01
2.684618201794543069e+01
2.684618201794543069e+01
2.684618201794543069e+01
2.684618201794543069e+01
2.684618201794543069e+01
2.684618201794543069e+01
2.684618201794543069e+01
2.684618201794543069e+01
2.684618201794543069e+01
2.684618201794543069e+01
2.684618201794543069e+01
2.684618201794543069e+01
2.684618201794543069e+01
2.684618201794543069e+01
2.684618201794543069e+01
2.684618201794543069e+01
2.684618201794543069e+01
2.684618201794543069e+01
2.684618201794543069e+01
2.684618201794543069e+01
2.684618201794543069e+01
2.684618201794543069e+01
2.684618201794543069e+01
2.684618201794543069e+01
2.684618201794543069e+01
2.684618201794543069e+01
2.684618201794543069e+01
2.684618201794543069e+01
2.684618201794543069e+01
2.684618201794543069e+01
2.684618201794543069e+01
2.684618201794543069e+01
2.684618201794543069e+01
2.684618201794543069e+01
2.684618201794543069e+01
2.684618201794543069e+01
2.684618201794543069e+01
2.684618201794543069e+01
2.684618201794543069e+01
2.684618201794543069e+01
2.684618201794543069e+01
2.684618201794543069e+01
2.684618201794543069e+01
2.684618201794543069e+01
2.684618201794543069e+01
2.684618201794543069e+01
2.689013001281816528e+01
4.207416224134773586e+01
6.993719099066105116e+01
8.094616370628091317e+01
8.092418970884452278e+01
8.239644753708111580e+01
8.195696758835379114e+01
8.204486357809925323e+01
8.222065555759019162e+01
8.204486357809925323e+01
8.206683757553561520e+01
8.208881157297199138e+01
8.224262955502655359e+01
8.226460355246291556e+01
8.226460355246291556e+01
8.226460355246291556e+01
8.228657754989927753e+01
8.228657754989927753e+01
8.228657754989927753e+01
8.230855154733565371e+01
8.239644753708111580e+01
8.239644753708111580e+01
8.241842153451747777e+01
8.250631752426295407e+01
8.255026551913569222e+01
8.255026551913569222e+01
8.257223951657206840e+01
8.263816150888115430e+01
8.266013550631753048e+01
8.266013550631753048e+01
8.270408350119026863e+01
8.270408350119026863e+01
8.274803149606299257e+01
8.274803149606299257e+01
8.277000549349935454e+01
8.279197949093573072e+01
8.279197949093573072e+01
8.281395348837209269e+01
8.283592748580846887e+01
8.283592748580846887e+01
8.285790148324483084e+01
8.285790148324483084e+01
8.287987548068119281e+01
8.287987548068119281e+01
8.290184947811755478e+01
8.290184947811755478e+01
8.292382347555393096e+01
8.292382347555393096e+01
8.292382347555393096e+01
8.294579747299029293e+01
8.294579747299029293e+01
8.296777147042666911e+01
8.296777147042666911e+01
8.296777147042666911e+01
8.298974546786303108e+01
8.298974546786303108e+01
8.301171946529939305e+01
8.301171946529939305e+01
8.301171946529939305e+01
8.301171946529939305e+01
8.301171946529939305e+01
8.303369346273575502e+01
8.303369346273575502e+01
8.303369346273575502e+01
8.303369346273575502e+01
8.305566746017213120e+01
8.303369346273575502e+01
8.305566746017213120e+01
8.305566746017213120e+01
8.305566746017213120e+01
8.305566746017213120e+01
8.305566746017213120e+01
8.305566746017213120e+01
8.307764145760849317e+01
8.307764145760849317e+01
8.307764145760849317e+01
8.307764145760849317e+01
8.307764145760849317e+01
8.307764145760849317e+01
8.307764145760849317e+01
8.307764145760849317e+01
8.309961545504486935e+01
8.309961545504486935e+01
8.309961545504486935e+01
8.309961545504486935e+01
8.309961545504486935e+01
8.312158945248123132e+01
8.309961545504486935e+01
8.312158945248123132e+01
8.312158945248123132e+01
8.312158945248123132e+01
8.312158945248123132e+01
8.312158945248123132e+01
8.312158945248123132e+01
8.314356344991759329e+01
8.314356344991759329e+01
8.314356344991759329e+01
8.314356344991759329e+01
8.314356344991759329e+01
8.314356344991759329e+01
8.309961545504486935e+01
8.116590368064457550e+01
7.200274674967954525e+01
5.793938839040468736e+01
4.275535616187511323e+01
3.475682109503753736e+01
3.007635964109137561e+01
2.976872367698223698e+01
2.974674967954587146e+01
2.869199780260025534e+01
2.974674967954587146e+01
2.913147775132759421e+01
2.801080388207288152e+01
2.787895989745467773e+01
2.785698590001831221e+01
2.787895989745467773e+01
2.752737593847280806e+01
2.746145394616370794e+01
2.746145394616370794e+01
2.732960996154550415e+01
2.726368796923640403e+01
2.726368796923640403e+01
2.726368796923640403e+01
2.717579197949093484e+01
2.708789598974546919e+01
2.702197399743636552e+01
2.695605200512726540e+01
2.693407800769089988e+01
2.693407800769089988e+01
2.682420802050906516e+01
2.662644204358176125e+01
2.658249404870902666e+01
2.656052005127266114e+01
2.653854605383629206e+01
2.649459805896356102e+01
2.647262406152719194e+01
2.647262406152719194e+01
2.634078007690899170e+01
2.627485808459989158e+01
2.625288408716352251e+01
2.625288408716352251e+01
2.623091008972715699e+01
2.623091008972715699e+01
2.623091008972715699e+01
2.623091008972715699e+01
2.623091008972715699e+01
2.623091008972715699e+01
2.623091008972715699e+01
2.623091008972715699e+01
2.623091008972715699e+01
2.623091008972715699e+01
2.623091008972715699e+01
2.623091008972715699e+01
2.623091008972715699e+01
2.623091008972715699e+01
2.623091008972715699e+01
2.623091008972715699e+01
2.623091008972715699e+01
2.623091008972715699e+01
2.623091008972715699e+01
2.623091008972715699e+01
2.623091008972715699e+01
2.623091008972715699e+01
2.623091008972715699e+01
2.623091008972715699e+01
2.623091008972715699e+01
2.623091008972715699e+01
2.623091008972715699e+01
2.623091008972715699e+01
2.623091008972715699e+01
2.623091008972715699e+01
2.620893609229078791e+01
2.616498809741805687e+01
2.612104010254532227e+01
2.612104010254532227e+01
2.609906610510895320e+01
2.605511811023622215e+01
2.605511811023622215e+01
2.603314411279985308e+01
2.603314411279985308e+01
2.603314411279985308e+01
2.601117011536348755e+01
2.598919611792711848e+01
2.596722212049075296e+01
2.594524812305438388e+01
2.594524812305438388e+01
2.594524812305438388e+01
2.594524812305438388e+01
2.594524812305438388e+01
2.594524812305438388e+01
2.594524812305438388e+01
2.592327412561801836e+01
2.594524812305438388e+01
2.594524812305438388e+01
2.594524812305438388e+01
2.594524812305438388e+01
2.594524812305438388e+01
2.594524812305438388e+01
2.594524812305438388e+01
2.594524812305438388e+01
2.592327412561801836e+01
3.649276689251053085e+01
6.703662332906060328e+01
8.211078557040835335e+01
8.101208569858999908e+01
8.261618751144479234e+01
8.239644753708111580e+01
8.239644753708111580e+01
8.272605749862663060e+01
8.266013550631753048e+01
8.246236952939023013e+01
8.255026551913569222e+01
8.274803149606299257e+01
8.272605749862663060e+01
8.272605749862663060e+01
8.272605749862663060e+01
8.274803149606299257e+01
8.274803149606299257e+01
8.274803149606299257e+01
8.274803149606299257e+01
8.274803149606299257e+01
8.277000549349935454e+01
8.277000549349935454e+01
8.277000549349935454e+01
8.277000549349935454e+01
8.279197949093573072e+01
8.281395348837209269e+01
8.281395348837209269e+01
8.283592748580846887e+01
8.285790148324483084e+01
8.285790148324483084e+01
8.287987548068119281e+01
8.290184947811755478e+01
8.290184947811755478e+01
8.290184947811755478e+01
8.292382347555393096e+01
8.292382347555393096e+01
8.294579747299029293e+01
8.294579747299029293e+01
8.296777147042666911e+01
8.296777147042666911e+01
8.296777147042666911e+01
8.296777147042666911e+01
8.298974546786303108e+01
8.298974546786303108e+01
8.301171946529939305e+01
8.301171946529939305e+01
8.301171946529939305e+01
8.301171946529939305e+01
8.303369346273575502e+01
8.303369346273575502e+01
8.303369346273575502e+01
8.303369346273575502e+01
8.305566746017213120e+01
8.305566746017213120e+01
8.305566746017213120e+01
8.305566746017213120e+01
8.305566746017213120e+01
8.305566746017213120e+01
8.307764145760849317e+01
8.307764145760849317e+01
8.307764145760849317e+01
8.307764145760849317e+01
8.307764145760849317e+01
8.309961545504486935e+01
8.309961545504486935e+01
8.307764145760849317e+01
8.309961545504486935e+01
8.309961545504486935e+01
8.309961545504486935e+01
8.309961545504486935e+01
8.309961545504486935e+01
8.309961545504486935e+01
8.309961545504486935e+01
8.312158945248123132e+01
8.312158945248123132e+01
8.312158945248123132e+01
8.312158945248123132e+01
8.312158945248123132e+01
8.312158945248123132e+01
8.314356344991759329e+01
8.314356344991759329e+01
8.314356344991759329e+01
8.314356344991759329e+01
8.314356344991759329e+01
8.316553744735395526e+01
8.316553744735395526e+01
8.316553744735395526e+01
8.316553744735395526e+01
8.316553744735395526e+01
8.316553744735395526e+01
8.316553744735395526e+01
8.316553744735395526e+01
8.316553744735395526e+01
8.316553744735395526e+01
8.318751144479034565e+01
8.318751144479034565e+01
8.318751144479034565e+01
8.318751144479034565e+01
8.318751144479034565e+01
8.314356344991759329e+01
8.158340963193555240e+01
7.312342061893426148e+01
5.936769822376854222e+01
4.378813404138436027e+01
3.576762497711041533e+01
3.091137154367331874e+01
3.020820362570957585e+01
3.023017762314594492e+01
2.924134773850943247e+01
2.983464566929133710e+01
2.946108771287310191e+01
2.794488188976377785e+01
2.781303790514557761e+01
2.781303790514557761e+01
2.781303790514557761e+01
2.754934993590917358e+01
2.748342794360007346e+01
2.748342794360007346e+01
2.743947994872733886e+01
2.735158395898186967e+01
2.735158395898186967e+01
2.726368796923640403e+01
2.724171397180003495e+01
2.724171397180003495e+01
2.721973997436366943e+01
2.710986998718183472e+01
2.695605200512726540e+01
2.695605200512726540e+01
2.693407800769089988e+01
2.682420802050906516e+01
2.673631203076359597e+01
2.667039003845449585e+01
2.664841604101813033e+01
2.662644204358176125e+01
2.658249404870902666e+01
2.651657205639992654e+01
2.642867606665445734e+01
2.640670206921809182e+01
2.638472807178172630e+01
2.625288408716352251e+01
2.620893609229078791e+01
2.620893609229078791e+01
2.620893609229078791e+01
2.620893609229078791e+01
2.620893609229078791e+01
2.620893609229078791e+01
2.620893609229078791e+01
2.618696209485442239e+01
2.620893609229078791e+01
2.620893609229078791e+01
2.620893609229078791e+01
2.620893609229078791e+01
2.618696209485442239e+01
2.620893609229078791e+01
2.618696209485442239e+01
2.618696209485442239e+01
2.620893609229078791e+01
2.620893609229078791e+01
2.620893609229078791e+01
2.620893609229078791e+01
2.620893609229078791e+01
2.620893609229078791e+01
2.620893609229078791e+01
2.620893609229078791e+01
2.620893609229078791e+01
2.620893609229078791e+01
2.620893609229078791e+01
2.620893609229078791e+01
2.620893609229078791e+01
2.620893609229078791e+01
2.618696209485442239e+01
2.618696209485442239e+01
2.616498809741805687e+01
2.616498809741805687e+01
2.616498809741805687e+01
2.614301409998168779e+01
2.609906610510895320e+01
2.605511811023622215e+01
2.603314411279985308e+01
2.601117011536348755e+01
2.601117011536348755e+01
2.601117011536348755e+01
2.598919611792711848e+01
2.598919611792711848e+01
2.594524812305438388e+01
2.592327412561801836e+01
2.592327412561801836e+01
2.592327412561801836e+01
2.592327412561801836e+01
2.592327412561801836e+01
2.592327412561801836e+01
2.592327412561801836e+01
2.590130012818165284e+01
2.590130012818165284e+01
2.590130012818165284e+01
2.590130012818165284e+01
2.590130012818165284e+01
2.590130012818165284e+01
