5.378630287493133011e+01
5.499487273393151554e+01
5.659897454678630169e+01
5.855466031862296461e+01
6.007086614173228156e+01
6.101574803149605941e+01
6.191668192638710622e+01
6.327906976744186096e+01
6.488317158029664711e+01
6.574015748031496287e+01
6.635542940853324012e+01
6.688280534700604107e+01
6.767386925471524250e+01
6.894836110602453516e+01
7.000311298297015128e+01
7.103589086247939122e+01
7.176103277787950674e+01
7.268394067020692262e+01
7.382658853689801504e+01
7.450778245742537820e+01
7.512305438564365545e+01
7.600201428309833318e+01
7.690294817798938709e+01
7.758414209851676446e+01
7.844112799853508022e+01
7.940798388573522004e+01
8.024299578831715962e+01
8.072642373191723664e+01
8.114392968320819932e+01
8.162735762680827634e+01
8.193499359091741496e+01
8.211078557040835335e+01
8.219868156015381544e+01
8.219868156015381544e+01
8.222065555759019162e+01
8.222065555759019162e+01
8.222065555759019162e+01
8.222065555759019162e+01
8.222065555759019162e+01
8.222065555759019162e+01
8.222065555759019162e+01
8.219868156015381544e+01
8.222065555759019162e+01
8.219868156015381544e+01
8.257223951657206840e+01
8.378080937557223251e+01
8.542885918329976391e+01
8.663742904229994224e+01
8.742849295000915788e+01
8.865903680644569818e+01
8.960391869620949024e+01
9.002142464750045292e+01
9.032906061160959155e+01
9.083446255264604474e+01
9.098828053470060695e+01
9.098828053470060695e+01
9.101025453213696892e+01
9.103222852957333089e+01
9.103222852957333089e+01
9.103222852957333089e+01
9.103222852957333089e+01
9.103222852957333089e+01
9.103222852957333089e+01
9.103222852957333089e+01
9.103222852957333089e+01
9.103222852957333089e+01
9.103222852957333089e+01
9.101025453213696892e+01
9.101025453213696892e+01
9.103222852957333089e+01
9.103222852957333089e+01
9.103222852957333089e+01
9.103222852957333089e+01
9.096630653726424498e+01
9.092235854239150683e+01
9.068064457059146832e+01
9.017524262955502934e+01
8.984563266800952874e+01
8.971378868339132850e+01
8.964786669108221417e+01
8.958194469877311406e+01
8.947207471159129000e+01
8.934023072697308976e+01
8.918641274491851334e+01
8.898864676799121298e+01
8.879088079106389841e+01
8.879088079106389841e+01
8.841732283464567388e+01
8.806573887566381131e+01
8.775810291155465848e+01
8.742849295000915788e+01
8.725270097051821949e+01
8.668137703717268039e+01
8.591228712689984093e+01
8.540688518586338773e+01
8.494543123969970111e+01
8.422028932429958559e+01
8.325343343709943156e+01
8.257223951657206840e+01
8.213275956784471532e+01
8.173722761399011461e+01
8.125379967039003759e+01
8.055063175242629825e+01
7.984746383446255891e+01
7.881468595495330476e+01
7.828731001648048959e+01
7.778190807544406482e+01
7.732045412928034978e+01
7.668320820362571055e+01
7.567240432155283258e+01
7.503515839589817915e+01
7.455173045229811635e+01
7.387053653177073897e+01
7.279381065738874668e+01
7.211261673686138352e+01
7.136550082402490602e+01
7.020087895989745164e+01
6.888243911371543504e+01
6.780571323933345695e+01
6.675096136238784084e+01
6.582805347006042496e+01
6.479527559055117081e+01
6.387236769822376914e+01
6.264182384178721463e+01
6.174088994689617493e+01
5.987310016480498120e+01
5.903808826222303452e+01
5.868650430324116485e+01
5.853268632118659553e+01
5.853268632118659553e+01
5.853268632118659553e+01
5.853268632118659553e+01
5.853268632118659553e+01
5.853268632118659553e+01
5.787346639809558724e+01
5.615949459805896282e+01
5.407196484160409966e+01
5.218220106207654396e+01
5.053415125434901967e+01
4.974308734663981113e+01
4.855649148507599477e+01
4.717212964658487806e+01
4.534828785936641538e+01
4.246969419520234368e+01
4.003058047976561085e+01
3.809686870536531700e+01
3.684435085149240052e+01
3.653671488738326190e+01
3.649276689251053085e+01
3.640487090276506166e+01
3.640487090276506166e+01
3.640487090276506166e+01
3.640487090276506166e+01
3.644881889763779270e+01
3.647079289507416178e+01
3.647079289507416178e+01
3.647079289507416178e+01
3.647079289507416178e+01
3.647079289507416178e+01
3.644881889763779270e+01
3.642684490020143073e+01
3.642684490020143073e+01
3.565775498992858417e+01
3.365812122321919020e+01
3.135085149240065761e+01
2.948306171030946743e+01
2.834041384361838567e+01
2.739553195385460427e+01
2.735158395898186967e+01
2.730763596410913863e+01
2.706592199230910012e+01
2.706592199230910012e+01
2.706592199230910012e+01
2.704394799487273460e+01
2.706592199230910012e+01
2.706592199230910012e+01
2.704394799487273460e+01
2.902160776414575949e+01
3.326258926936458238e+01
3.383391320271012859e+01
3.387786119758285963e+01
3.387786119758285963e+01
3.400970518220105987e+01
3.422944515656472930e+01
3.431734114631019850e+01
3.508643105658304506e+01
3.691027284380150064e+01
3.719593481047427019e+01
3.719593481047427019e+01
3.719593481047427019e+01
3.719593481047427019e+01
3.719593481047427019e+01
3.721790880791063927e+01
3.719593481047427019e+01
3.721790880791063927e+01
3.721790880791063927e+01
3.721790880791063927e+01
3.721790880791063927e+01
3.721790880791063927e+01
3.787712873100164757e+01
4.176652627723859723e+01
4.512854788500274594e+01
4.653488372093023173e+01
4.838069950558505639e+01
5.178666910822193614e+01
5.561014466214979279e+01
5.868650430324116485e+01
6.057626808276872055e+01
6.209247390587804460e+01
6.464145760849660860e+01
6.690477934444240304e+01
6.892638710858817319e+01
7.103589086247939122e+01
7.288170664713422298e+01
7.446383446255265426e+01
7.547463834462553223e+01
7.635359824208020996e+01
7.771598608313496470e+01
7.927613990111700559e+01
8.070444973448086046e+01
8.186907159860831484e+01
8.285790148324483084e+01
8.373686138069950857e+01
8.452792528840871000e+01
8.507727522431790135e+01
8.613202710126350325e+01
8.690111701153634272e+01
8.747244094488189603e+01
8.819758286028201155e+01
8.892272477568209865e+01
8.962589269364585221e+01
9.013129463468229119e+01
9.041695660135505364e+01
9.090038454495513065e+01
9.136183849111884570e+01
9.138381248855520766e+01
9.138381248855520766e+01
9.138381248855520766e+01
9.142776048342794581e+01
9.142776048342794581e+01
9.142776048342794581e+01
9.142776048342794581e+01
9.142776048342794581e+01
9.142776048342794581e+01
9.142776048342794581e+01
9.142776048342794581e+01
9.142776048342794581e+01
9.142776048342794581e+01
9.142776048342794581e+01
9.142776048342794581e+01
9.142776048342794581e+01
9.142776048342794581e+01
9.142776048342794581e+01
9.142776048342794581e+01
9.142776048342794581e+01
9.136183849111884570e+01
9.114209851675518337e+01
9.076854056033693041e+01
9.054880058597325387e+01
9.041695660135505364e+01
9.030708661417322958e+01
9.013129463468229119e+01
8.995550265519136701e+01
8.984563266800952874e+01
8.982365867057316677e+01
8.982365867057316677e+01
8.973576268082769047e+01
8.931825672953671358e+01
8.865903680644569818e+01
8.808771287310017328e+01
8.773612891411829651e+01
8.760428492950009627e+01
8.745046694744553406e+01
8.694506500640908087e+01
8.619794909357260337e+01
8.564859915766342624e+01
8.520911920893610159e+01
8.485753524995422481e+01
8.433015931148142386e+01
8.351712140633583203e+01
8.287987548068119281e+01
8.226460355246291556e+01
8.173722761399011461e+01
8.125379967039003759e+01
8.088024171397179884e+01
8.030891778062625974e+01
7.929811389855336756e+01
7.861691997802600440e+01
7.806757004211682727e+01
7.738637612158944989e+01
7.646346822926204823e+01
7.562845632668009443e+01
7.472752243178905474e+01
7.382658853689801504e+01
7.285973264969786101e+01
7.191485075993406895e+01
7.114576084966122949e+01
7.061838491118842853e+01
7.004706097784287522e+01
6.919007507782457367e+01
6.787163523164255707e+01
6.657516938289690245e+01
6.536659952389672412e+01
6.481724958798754699e+01
6.453158762131477033e+01
6.420197765976926974e+01
6.325709577000549189e+01
6.138930598791429816e+01
5.969730818531404282e+01
5.842281633400476437e+01
5.776359641091374897e+01
5.774162241347738700e+01
5.771964841604101792e+01
5.699450650064090951e+01
5.615949459805896282e+01
5.486302874931331530e+01
5.352261490569492253e+01
5.202838308002197465e+01
5.040230726973081943e+01
4.901794543123969561e+01
4.776542757736677913e+01
4.726002563633034015e+01
4.706225965940303979e+01
4.679857169016663931e+01
4.642501373374840057e+01
4.574381981322102320e+01
4.407379600805712982e+01
4.229390221571141240e+01
4.088756637978391950e+01
3.983281450283830338e+01
3.912964658487456404e+01
3.864621864127449413e+01
3.814081670023804804e+01
3.745962277971067778e+01
3.713001281816517007e+01
3.651474088994689282e+01
3.491063907709210667e+01
3.383391320271012859e+01
3.315271928218275121e+01
3.286705731550998166e+01
3.286705731550998166e+01
3.284508331807361259e+01
3.286705731550998166e+01
3.286705731550998166e+01
3.284508331807361259e+01
3.231770737960080453e+01
3.115308551547335725e+01
2.983464566929133710e+01
2.904358176158212856e+01
2.886778978209119373e+01
2.884581578465482465e+01
2.882384178721845913e+01
2.875791979490935546e+01
2.875791979490935546e+01
2.873594579747298994e+01
2.875791979490935546e+01
2.893371177440029385e+01
2.904358176158212856e+01
2.915345174876396328e+01
2.950503570774583295e+01
2.976872367698223698e+01
2.998846365134590641e+01
3.069163156930964931e+01
3.150466947445522692e+01
3.218586339498260429e+01
3.288903131294634363e+01
3.363614722578282112e+01
3.418549716169199826e+01
3.464695110785570620e+01
3.532814502838307646e+01
3.543801501556491473e+01
3.567972898736495324e+01
3.794305072331074768e+01
3.884398461820179449e+01
3.963504852591100303e+01
3.998663248489287980e+01
4.027229445156564935e+01
4.086559238234755753e+01
4.132704632851125837e+01
4.183244826954769735e+01
4.374418604651162923e+01
4.530433986449368433e+01
4.613935176707562391e+01
4.723805163889397818e+01
4.886412744918513340e+01
5.005072331074894976e+01
5.110547518769456588e+01
5.216022706464017489e+01
5.275352499542208307e+01
5.389617286211316127e+01
5.686266251602270927e+01
5.906006225965940359e+01
6.079600805713238998e+01
6.229023988280534496e+01
6.319117377769639177e+01
6.448763962644204639e+01
6.677293535982420281e+01
6.870664713422451086e+01
7.011298297015198955e+01
7.193682475737044513e+01
7.321131660867973778e+01
7.463962644204357844e+01
7.626570225233473366e+01
7.712268815235304942e+01
7.786980406518952691e+01
7.916626991393516732e+01
8.039681377037172183e+01
8.138564365500823783e+01
8.224262955502655359e+01
8.312158945248123132e+01
8.384673136788134684e+01
8.415436733199048547e+01
8.419831532686322362e+01
8.424226332173594756e+01
8.424226332173594756e+01
8.424226332173594756e+01
8.424226332173594756e+01
8.424226332173594756e+01
8.424226332173594756e+01
8.424226332173594756e+01
8.411041933711774732e+01
8.391265336019043275e+01
8.380278337300860869e+01
8.349514740889947007e+01
8.296777147042666911e+01
8.241842153451747777e+01
8.211078557040835335e+01
8.202288958066287705e+01
8.202288958066287705e+01
8.191301959348105299e+01
8.149551364219007610e+01
8.090221571140816081e+01
8.057260574986266022e+01
8.050668375755356010e+01
8.046273576268083616e+01
8.017707379600805950e+01
7.958377586522615843e+01
7.903442592931696709e+01
7.855099798571690428e+01
7.828731001648048959e+01
7.804559604468046530e+01
7.765006409082585037e+01
7.729848013184398781e+01
7.701281816517121115e+01
7.666123420618933437e+01
7.622175425746200972e+01
7.562845632668009443e+01
7.481541842153451682e+01
7.393645852407983909e+01
7.347500457791613826e+01
7.292565464200696113e+01
7.222248672404322178e+01
7.121168284197034382e+01
7.035469694195202806e+01
6.943178904962461218e+01
6.866269913935175850e+01
6.804742721113348125e+01
6.741018128547884203e+01
6.646529939571507839e+01
6.468540560336934675e+01
6.338893975462369212e+01
6.259787584691448359e+01
6.213642190075077565e+01
6.147720197765976735e+01
5.980717817249588109e+01
5.826899835195018795e+01
5.701648049807727148e+01
5.534645669291338521e+01
5.350064090825856056e+01
5.169877311847646695e+01
5.066599523896722701e+01
5.038033327229445035e+01
4.972111334920344206e+01
4.844662149789415651e+01
4.723805163889397818e+01
4.618329976194836206e+01
4.497472990294817663e+01
4.352444607214795980e+01
4.172257828236586619e+01
4.036019044131111855e+01
3.871214063358359425e+01
3.693224684123786972e+01
3.554788500274675300e+01
3.416352316425562918e+01
3.260336934627357408e+01
3.088939754623695322e+01
2.913147775132759421e+01
2.763724592565464278e+01
2.717579197949093484e+01
2.715381798205456931e+01
2.713184398461820024e+01
2.704394799487273460e+01
2.697802600256363448e+01
2.693407800769089988e+01
2.691210401025453081e+01
2.689013001281816528e+01
2.686815601538179976e+01
2.686815601538179976e+01
2.684618201794543069e+01
2.689013001281816528e+01
2.693407800769089988e+01
2.693407800769089988e+01
2.689013001281816528e+01
2.686815601538179976e+01
2.691210401025453081e+01
2.697802600256363448e+01
2.697802600256363448e+01
2.697802600256363448e+01
2.697802600256363448e+01
2.697802600256363448e+01
2.695605200512726540e+01
2.697802600256363448e+01
2.695605200512726540e+01
2.695605200512726540e+01
2.697802600256363448e+01
2.697802600256363448e+01
2.697802600256363448e+01
2.697802600256363448e+01
2.700000000000000000e+01
2.700000000000000000e+01
2.700000000000000000e+01
2.702197399743636552e+01
2.702197399743636552e+01
2.702197399743636552e+01
2.702197399743636552e+01
2.702197399743636552e+01
2.702197399743636552e+01
2.702197399743636552e+01
2.702197399743636552e+01
2.702197399743636552e+01
2.700000000000000000e+01
2.700000000000000000e+01
2.700000000000000000e+01
2.700000000000000000e+01
2.702197399743636552e+01
2.700000000000000000e+01
2.702197399743636552e+01
2.702197399743636552e+01
2.704394799487273460e+01
2.710986998718183472e+01
2.719776597692730391e+01
2.726368796923640403e+01
2.730763596410913863e+01
2.739553195385460427e+01
2.770316791796374289e+01
2.794488188976377785e+01
2.882384178721845913e+01
3.229573338216444256e+01
3.484471708478300656e+01
3.644881889763779270e+01
3.715198681560153915e+01
3.796502472074711676e+01
3.910767258743820207e+01
4.040413843618384959e+01
4.165665629005676607e+01
4.279930415674785138e+01
4.451327595678446869e+01
4.635909174143930045e+01
4.769950558505767901e+01
4.882017945431239525e+01
5.035835927485808838e+01
5.259970701336751375e+01
5.470921076725873888e+01
5.681871452114997112e+01
5.868650430324116485e+01
6.057626808276872055e+01
6.275169382896905290e+01
6.433382164438748418e+01
6.593792345724226323e+01
6.787163523164255707e+01
6.965152902398827450e+01
7.176103277787950674e+01
7.303552462918879939e+01
7.400238051638893921e+01
7.580424830617103282e+01
7.699084416773484918e+01
7.782585607031680297e+01
7.912232191906244338e+01
8.006720380882623544e+01
8.090221571140816081e+01
8.197894158579015311e+01
8.279197949093573072e+01
8.367093938839040845e+01
8.457187328328144815e+01
8.527504120124518749e+01
8.578044314228164069e+01
8.646163706280901806e+01
8.731862296282733382e+01
8.788994689617285871e+01
8.854916681926387412e+01
8.923036073979125149e+01
8.982365867057316677e+01
9.030708661417322958e+01
9.061472257828236820e+01
9.098828053470060695e+01
9.149368247573704593e+01
9.171342245010072247e+01
9.188921442959166086e+01
9.188921442959166086e+01
9.191118842702802283e+01
9.193316242446438480e+01
9.193316242446438480e+01
9.193316242446438480e+01
9.193316242446438480e+01
9.193316242446438480e+01
9.195513642190074677e+01
9.193316242446438480e+01
9.193316242446438480e+01
9.193316242446438480e+01
9.193316242446438480e+01
9.193316242446438480e+01
9.191118842702802283e+01
9.191118842702802283e+01
9.188921442959166086e+01
9.188921442959166086e+01
9.186724043215528468e+01
9.169144845266434629e+01
9.122999450650064546e+01
9.076854056033693041e+01
9.050485259110052993e+01
9.043893059879144403e+01
9.037300860648232970e+01
9.002142464750045292e+01
8.940615271928217567e+01
8.901062076542757495e+01
8.896667277055485101e+01
8.890075077824573668e+01
8.861508881157297424e+01
8.810968687053653525e+01
8.747244094488189603e+01
8.687914301409998075e+01
8.657150704999085633e+01
8.641768906793626570e+01
8.619794909357260337e+01
8.560465116279070230e+01
8.496740523713606308e+01
8.419831532686322362e+01
8.356106940120857018e+01
8.305566746017213120e+01
8.279197949093573072e+01
8.235249954220839186e+01
8.171525361655375264e+01
8.083629371909907491e+01
8.008917780626259741e+01
7.953982787035342028e+01
7.903442592931696709e+01
7.850704999084416613e+01
7.778190807544406482e+01
7.699084416773484918e+01
7.608991027284380948e+01
7.540871635231643211e+01
7.474949642922541670e+01
7.431001648049809205e+01
7.378264054202527689e+01
7.303552462918879939e+01
7.235433070866142202e+01
7.162918879326130650e+01
7.099194286760666728e+01
7.037667093938839002e+01
6.949771104193371229e+01
6.864072514191539653e+01
6.784966123420619510e+01
6.628950741622412579e+01
6.521278154184216191e+01
6.439974363669657009e+01
6.363065372642373063e+01
6.279564182384178395e+01
6.196062992125984437e+01
6.083995605200512813e+01
5.965336019044131177e+01
5.833492034425928807e+01
5.736806445705914825e+01
5.600567661600439351e+01
5.470921076725873888e+01
5.376432887749496103e+01
5.262168101080388283e+01
5.139113715436732832e+01
5.029243728254898826e+01
4.912781541842153388e+01
4.899597143380333364e+01
4.884215345174876433e+01
4.855649148507599477e+01
4.805108954403955579e+01
4.730397363120307830e+01
4.638106573887566242e+01
4.512854788500274594e+01
4.370023805163889108e+01
4.172257828236586619e+01
3.976689251052920326e+01
3.838253067203808655e+01
3.715198681560153915e+01
3.638289690532869258e+01
3.506445705914667599e+01
3.398773118476469790e+01
3.346035524629188984e+01
3.302087529756455098e+01
3.255942135140084304e+01
3.211994140267350417e+01
3.091137154367331874e+01
3.036202160776414516e+01
3.003241164621864101e+01
2.968082768723677134e+01
2.924134773850943247e+01
2.891173777696392477e+01
2.869199780260025534e+01
2.869199780260025534e+01
2.867002380516388982e+01
2.864804980772752430e+01
2.864804980772752430e+01
2.860410181285478970e+01
2.860410181285478970e+01
2.860410181285478970e+01
2.860410181285478970e+01
2.862607581029115522e+01
2.873594579747298994e+01
2.888976377952755925e+01
2.921937374107306340e+01
2.959293169749130215e+01
2.992254165903680629e+01
3.031807361289141056e+01
3.055978758469144907e+01
3.095531953854605334e+01
3.141677348470976128e+01
3.236165537447354268e+01
3.304284929500091295e+01
3.337245925654642065e+01
3.378996520783739044e+01
3.414154916681926011e+01
3.444918513092839873e+01
3.513037905145577611e+01
3.594341695660135372e+01
3.653671488738326190e+01
3.745962277971067778e+01
3.796502472074711676e+01
3.822871268998351724e+01
3.869016663614722518e+01
4.003058047976561085e+01
4.163468229262039699e+01
4.297509613623878266e+01
4.326075810291155221e+01
4.374418604651162923e+01
4.512854788500274594e+01
4.664475370811206290e+01
4.780937557223951728e+01
4.895202343893059549e+01
5.005072331074894976e+01
5.154495513642190474e+01
5.319300494414942193e+01
5.486302874931331530e+01
5.699450650064090951e+01
5.919190624427760383e+01
6.108167002380516664e+01
6.253195385460538347e+01
6.367460172129646878e+01
6.521278154184216191e+01
6.633345541109687815e+01
6.800347921626075731e+01
7.039864493682475199e+01
7.204669474455226919e+01
7.354092657022522417e+01
7.514502838308001742e+01
7.644149423182567205e+01
7.751822010620765013e+01
7.848507599340780416e+01
7.951785387291704410e+01
8.088024171397179884e+01
8.186907159860831484e+01
8.279197949093573072e+01
8.378080937557223251e+01
8.461582127815418630e+01
8.542885918329976391e+01
8.606610510895440314e+01
8.668137703717268039e+01
8.738454495513641973e+01
8.791192089360922068e+01
8.841732283464567388e+01
8.907654275773668928e+01
8.947207471159129000e+01
8.951602270646401394e+01
8.951602270646401394e+01
8.951602270646401394e+01
8.953799670390037591e+01
8.953799670390037591e+01
8.953799670390037591e+01
8.953799670390037591e+01
8.953799670390037591e+01
8.953799670390037591e+01
8.953799670390037591e+01
8.953799670390037591e+01
8.953799670390037591e+01
8.953799670390037591e+01
8.953799670390037591e+01
8.953799670390037591e+01
8.953799670390037591e+01
8.953799670390037591e+01
8.953799670390037591e+01
8.953799670390037591e+01
8.953799670390037591e+01
8.953799670390037591e+01
8.953799670390037591e+01
8.955997070133675209e+01
8.958194469877311406e+01
8.960391869620949024e+01
8.960391869620949024e+01
8.962589269364585221e+01
8.962589269364585221e+01
8.964786669108221417e+01
8.966984068851857614e+01
8.969181468595496654e+01
8.969181468595496654e+01
8.969181468595496654e+01
8.964786669108221417e+01
8.934023072697308976e+01
8.903259476286395113e+01
8.876890679362753644e+01
8.835140084233657376e+01
8.804376487822742092e+01
8.797784288591833501e+01
8.707690899102728110e+01
8.657150704999085633e+01
8.600018311664530302e+01
8.536293719099066379e+01
8.461582127815418630e+01
8.426423731917230953e+01
8.325343343709943156e+01
8.228657754989927753e+01
8.169327961911739067e+01
8.085826771653543688e+01
8.013312580113532135e+01
7.907837392418970524e+01
7.793572605749862703e+01
7.743032411646218804e+01
7.725453213697124966e+01
7.655136421900751031e+01
7.543069034975279408e+01
7.422212049075261575e+01
7.318934261124336160e+01
7.191485075993406895e+01
7.094799487273392913e+01
7.002508698040651325e+01
6.864072514191539653e+01
6.723438930598791785e+01
6.591594945980588705e+01
6.521278154184216191e+01
6.477330159311480884e+01
6.435579564182384615e+01
6.396026368796923833e+01
6.310327778795092257e+01
6.180681193920527505e+01
6.077403405969602801e+01
5.954349020325947350e+01
5.862058231093206473e+01
5.747793444424097942e+01
5.637923457242263225e+01
5.517066471342245393e+01
5.330287493133126020e+01
5.227009705182200605e+01
5.090770921076725841e+01
4.958926936458524182e+01
4.919373741073063400e+01
4.897399743636696456e+01
4.840267350302142546e+01
4.708423365683940176e+01
4.569987181834828505e+01
4.464511994140266893e+01
4.361234206189342899e+01
4.224995422083867425e+01
4.119520234389305813e+01
4.075572239516571926e+01
4.033821644387474947e+01
3.983281450283830338e+01
3.941530855154733359e+01
3.842647866691082470e+01
3.713001281816517007e+01
3.598736495147409187e+01
3.499853506683757587e+01
3.451510712323749885e+01
3.442721113349203677e+01
3.429536714887383653e+01
3.414154916681926011e+01
3.365812122321919020e+01
3.258139534883721211e+01
3.113111151803698817e+01
3.034004761032777964e+01
3.023017762314594492e+01
3.003241164621864101e+01
2.983464566929133710e+01
2.974674967954587146e+01
2.972477568210950238e+01
2.970280168467313686e+01
2.970280168467313686e+01
2.968082768723677134e+01
2.968082768723677134e+01
2.968082768723677134e+01
2.968082768723677134e+01
2.968082768723677134e+01
2.970280168467313686e+01
2.983464566929133710e+01
2.992254165903680629e+01
2.992254165903680629e+01
2.992254165903680629e+01
3.005438564365501009e+01
3.064768357443691826e+01
3.159256546420069611e+01
3.240560336934627372e+01
3.315271928218275121e+01
3.378996520783739044e+01
3.422944515656472930e+01
3.473484709760117539e+01
3.556985900018311497e+01
3.671250686687420028e+01
3.774528474638344733e+01
3.858029664896538691e+01
3.932741256180186440e+01
3.985478850027467246e+01
4.057993041567478087e+01
4.167863028749313514e+01
4.286522614905695150e+01
4.398590001831166774e+01
4.416169199780259902e+01
4.438143197216626845e+01
4.462314594396630696e+01
4.631514374656656230e+01
4.765555759018494797e+01
4.844662149789415651e+01
4.961124336202161089e+01
5.079783922358542725e+01
5.189653909540376731e+01
5.270957700054934492e+01
5.398406885185863757e+01
5.462131477751327679e+01
5.525856070316791602e+01
5.622541659036806294e+01
5.734609045962277918e+01
5.958743819813221165e+01
6.105969602636879756e+01
6.272971983153268383e+01
6.407013367515106950e+01
6.501501556491484735e+01
6.622358542391503988e+01
6.703662332906060328e+01
6.813532320087895755e+01
6.938784105475187403e+01
7.004706097784287522e+01
7.061838491118842853e+01
7.257407068302508435e+01
7.413422450100713945e+01
7.565043032411645640e+01
7.692492217542574906e+01
7.830928401391686577e+01
7.997930781908075915e+01
8.118787767808093747e+01
8.241842153451747777e+01
8.349514740889947007e+01
8.441805530122688594e+01
8.551675517304522600e+01
8.641768906793626570e+01
8.723072697308185752e+01
8.813166086797289722e+01
8.865903680644569818e+01
8.951602270646401394e+01
9.008734663980956725e+01
9.081248855520966856e+01
9.162552646035524617e+01
9.210895440395532319e+01
9.224079838857352343e+01
9.243856436550082378e+01
9.259238234755540020e+01
9.268027833730086229e+01
9.270225233473722426e+01
9.272422633217360044e+01
9.274620032960996241e+01
9.274620032960996241e+01
9.274620032960996241e+01
9.274620032960996241e+01
9.274620032960996241e+01
9.274620032960996241e+01
9.274620032960996241e+01
9.274620032960996241e+01
9.274620032960996241e+01
9.274620032960996241e+01
9.274620032960996241e+01
9.274620032960996241e+01
9.274620032960996241e+01
9.272422633217360044e+01
9.274620032960996241e+01
9.274620032960996241e+01
9.274620032960996241e+01
9.261435634499176217e+01
9.208698040651894701e+01
9.158157846548252223e+01
9.136183849111884570e+01
9.063669657571873017e+01
9.026313861930049143e+01
8.958194469877311406e+01
8.916443874748215137e+01
8.843929683208203585e+01
8.797784288591833501e+01
8.738454495513641973e+01
8.690111701153634272e+01
8.619794909357260337e+01
8.545083318073612588e+01
8.481358725508150087e+01
8.424226332173594756e+01
8.349514740889947007e+01
8.272605749862663060e+01
8.175920161142647657e+01
8.136366965757187586e+01
8.052865775498992207e+01
7.923219190624428165e+01
7.833125801135322774e+01
7.756216810108040249e+01
7.710071415491668745e+01
7.652939022157113413e+01
7.562845632668009443e+01
7.433199047793445402e+01
7.340908258560702393e+01
7.239827870353414596e+01
7.136550082402490602e+01
7.037667093938839002e+01
6.905823109320637343e+01
6.745412928035158018e+01
6.624555942135140185e+01
6.545449551364218621e+01
6.497106757004212341e+01
6.453158762131477033e+01
6.398223768540560030e+01
6.299340780076909141e+01
6.185075993407800610e+01
6.073008606482328986e+01
5.954349020325947350e+01
5.862058231093206473e+01
5.743398644936824837e+01
5.637923457242263225e+01
5.543435268265885441e+01
5.400604284929499954e+01
5.191851309284014349e+01
5.099560520051272761e+01
4.994085332356711149e+01
4.912781541842153388e+01
4.897399743636696456e+01
4.840267350302142546e+01
4.726002563633034015e+01
4.602948177989379275e+01
4.468906793627540708e+01
4.378813404138436027e+01
4.273338216443875126e+01
4.167863028749313514e+01
4.119520234389305813e+01
4.093151437465665765e+01
4.027229445156564935e+01
3.901977659769272577e+01
3.789910272843801664e+01
3.704211682841970088e+01
3.614118293352865408e+01
3.559183299761948405e+01
3.488866507965573760e+01
3.422944515656472930e+01
3.370206921809192124e+01
3.308679728987365110e+01
3.240560336934627372e+01
3.174638344625526543e+01
3.110913752060062265e+01
3.088939754623695322e+01
3.084544955136421862e+01
3.062570957700054919e+01
3.044991759750961435e+01
3.042794360007324528e+01
3.042794360007324528e+01
3.042794360007324528e+01
3.042794360007324528e+01
3.042794360007324528e+01
3.042794360007324528e+01
3.042794360007324528e+01
3.042794360007324528e+01
3.042794360007324528e+01
3.042794360007324528e+01
3.042794360007324528e+01
3.042794360007324528e+01
3.042794360007324528e+01
3.042794360007324528e+01
3.042794360007324528e+01
3.042794360007324528e+01
3.042794360007324528e+01
3.042794360007324528e+01
3.042794360007324528e+01
3.040596960263687976e+01
3.042794360007324528e+01
3.042794360007324528e+01
3.042794360007324528e+01
3.042794360007324528e+01
3.042794360007324528e+01
3.044991759750961435e+01
3.051583958981871447e+01
3.060373557956418367e+01
3.066965757187328379e+01
3.069163156930964931e+01
3.071360556674601838e+01
3.084544955136421862e+01
3.106518952572788805e+01
3.121900750778245737e+01
3.126295550265519196e+01
3.126295550265519196e+01
3.124098150521882644e+01
3.124098150521882644e+01
3.124098150521882644e+01
3.124098150521882644e+01
3.124098150521882644e+01
3.124098150521882644e+01
3.124098150521882644e+01
3.121900750778245737e+01
3.117505951290972277e+01
3.104321552829152253e+01
3.082347555392785310e+01
3.060373557956418367e+01
3.036202160776414516e+01
3.027412561801867952e+01
3.018622962827321032e+01
3.007635964109137561e+01
2.981267167185497158e+01
2.965885368980040226e+01
2.957095770005493307e+01
2.952700970518220203e+01
2.948306171030946743e+01
2.946108771287310191e+01
2.948306171030946743e+01
2.963687969236403674e+01
2.983464566929133710e+01
2.998846365134590641e+01
3.007635964109137561e+01
3.014228163340047573e+01
3.020820362570957585e+01
3.047189159494597988e+01
3.075755356161874943e+01
3.097729353598241886e+01
3.102124153085515346e+01
3.102124153085515346e+01
3.104321552829152253e+01
3.148269547701886140e+01
3.207599340780076602e+01
3.244955136421900477e+01
3.247152536165537384e+01
3.247152536165537384e+01
3.247152536165537384e+01
3.247152536165537384e+01
3.229573338216444256e+01
3.130690349752792656e+01
3.016425563083684125e+01
2.902160776414575949e+01
2.836238784105475119e+01
2.816462186412744728e+01
2.792290789232741233e+01
2.768119392052737737e+01
2.713184398461820024e+01
2.706592199230910012e+01
2.702197399743636552e+01
2.702197399743636552e+01
2.702197399743636552e+01
2.700000000000000000e+01
