3.581157297198315348e+01
3.581157297198315348e+01
3.589946896172862267e+01
3.592144295916499175e+01
3.596539095403772279e+01
3.596539095403772279e+01
3.598736495147409187e+01
3.605328694378319199e+01
3.629500091558323049e+01
3.644881889763779270e+01
3.655868888481963097e+01
3.680040285661966948e+01
3.719593481047427019e+01
3.785515473356527849e+01
3.893188060794726368e+01
4.016242446438381108e+01
4.141494231825672756e+01
4.255759018494781287e+01
4.290917414392968254e+01
4.321681010803882117e+01
4.385405603369346750e+01
4.471104193371176905e+01
4.578776780809375424e+01
4.734792162607580934e+01
4.884215345174876433e+01
5.024848928767625011e+01
5.121534517487639704e+01
5.178666910822193614e+01
5.229207104925838223e+01
5.284142098516755226e+01
5.385222486724043023e+01
5.512671671854971578e+01
5.620344259293169387e+01
5.719227247756820987e+01
5.820307635964108783e+01
5.976323017762314294e+01
6.132338399560519804e+01
6.244405786485991428e+01
6.380644570591466902e+01
6.477330159311480884e+01
6.613568943416956358e+01
6.765189525727888054e+01
6.848690715986083433e+01
6.894836110602453516e+01
6.951968503937007426e+01
7.064035890862479050e+01
7.184892876762498304e+01
7.257407068302508435e+01
7.358487456509797653e+01
7.540871635231643211e+01
7.677110419337117264e+01
7.782585607031680297e+01
7.870481596777148070e+01
7.951785387291704410e+01
8.026496978575352159e+01
8.153946163706280004e+01
8.285790148324483084e+01
8.342922541659036995e+01
8.380278337300860869e+01
8.487950924739058678e+01
8.551675517304522600e+01
8.635176707562717979e+01
8.764823292437282021e+01
8.843929683208203585e+01
8.876890679362753644e+01
8.934023072697308976e+01
8.977971067570042862e+01
9.046090459622780600e+01
9.125196850393700743e+01
9.173539644753708444e+01
9.241659036806446181e+01
9.274620032960996241e+01
9.307581029115547722e+01
9.344936824757370175e+01
9.362516022706464014e+01
9.408661417322835518e+01
9.450412012451931787e+01
9.474583409631935638e+01
9.494360007324665673e+01
9.511939205273759512e+01
9.555887200146493399e+01
9.606427394250137297e+01
9.656967588353781196e+01
9.716297381431972724e+01
9.762442776048342807e+01
9.801995971433802879e+01
9.832759567844716742e+01
9.922852957333822133e+01
9.931642556308368341e+01
9.951419154001098377e+01
9.909668558872002109e+01
9.560281999633767214e+01
9.454806811939205602e+01
9.347134224501007793e+01
9.254843435268266205e+01
9.169144845266434629e+01
9.072459256546420647e+01
8.986760666544589071e+01
8.879088079106389841e+01
8.786797289873649675e+01
8.716480498077274319e+01
8.580241713971800266e+01
8.505530122688152517e+01
8.358304339864494636e+01
8.274803149606299257e+01
8.250631752426295407e+01
8.105603369346273723e+01
7.969364585240798249e+01
7.692492217542574906e+01
7.646346822926204823e+01
7.663926020875297240e+01
7.661728621131661043e+01
7.716663614722578757e+01
7.619978026002564775e+01
7.391448452664347712e+01
7.380461453946163886e+01
7.378264054202527689e+01
7.349697857535250023e+01
7.233235671122506005e+01
7.079417689067935271e+01
6.894836110602453516e+01
6.659714338033327863e+01
6.479527559055117081e+01
6.398223768540560030e+01
6.391631569309650018e+01
6.391631569309650018e+01
6.374052371360556890e+01
6.290551181102362222e+01
6.099377403405969744e+01
5.927980223402307303e+01
5.760977842885918676e+01
5.644515656473173237e+01
5.567606665445889291e+01
5.506079472624061566e+01
5.426973081853140002e+01
5.301721296465848354e+01
5.152298113898552856e+01
4.994085332356711149e+01
4.791924555942135555e+01
4.682054568760300128e+01
4.519446987731184606e+01
4.326075810291155221e+01
4.227192821827504332e+01
4.139296832082035849e+01
3.970097051822010314e+01
3.794305072331074768e+01
3.649276689251053085e+01
3.592144295916499175e+01
3.561380699505585312e+01
3.526222303607397635e+01
3.491063907709210667e+01
3.480076908991027551e+01
3.480076908991027551e+01
3.482274308734663748e+01
3.480076908991027551e+01
3.482274308734663748e+01
3.482274308734663748e+01
3.484471708478300656e+01
3.484471708478300656e+01
3.484471708478300656e+01
3.484471708478300656e+01
3.484471708478300656e+01
3.484471708478300656e+01
3.484471708478300656e+01
3.484471708478300656e+01
3.495458707196483772e+01
3.506445705914667599e+01
3.508643105658304506e+01
3.510840505401941414e+01
3.513037905145577611e+01
3.515235304889214518e+01
3.517432704632851426e+01
3.515235304889214518e+01
3.515235304889214518e+01
3.517432704632851426e+01
3.515235304889214518e+01
3.515235304889214518e+01
3.515235304889214518e+01
3.515235304889214518e+01
3.515235304889214518e+01
3.517432704632851426e+01
3.521827504120124530e+01
3.592144295916499175e+01
3.664658487456510017e+01
3.734975279252883951e+01
3.800897271561984780e+01
3.871214063358359425e+01
3.972294451565647222e+01
4.084361838491118846e+01
4.209613623878410493e+01
4.323878410547519024e+01
4.442537996703900660e+01
4.565592382347555400e+01
4.666672770554843908e+01
4.758963559787584785e+01
4.818293352865775603e+01
4.941347738509430343e+01
5.125929316974912808e+01
5.244588903131294444e+01
5.334682292620399124e+01
5.374235488005859906e+01
5.440157480314960736e+01
5.655502655191357064e+01
5.732411646218641010e+01
5.853268632118659553e+01
5.996099615455045040e+01
6.094982603918695929e+01
6.231221388024171404e+01
6.330104376487823004e+01
6.466343160593297057e+01
6.591594945980588705e+01
6.697070133675151737e+01
6.795953122138803337e+01
6.866269913935175850e+01
6.943178904962461218e+01
7.099194286760666728e+01
7.169511078557040662e+01
7.277183665995238471e+01
7.400238051638893921e+01
7.472752243178905474e+01
7.573832631386193270e+01
7.696887017029848721e+01
7.784783006775316494e+01
7.877073796008056661e+01
7.956180186778978225e+01
8.046273576268083616e+01
8.136366965757187586e+01
8.197894158579015311e+01
8.277000549349935454e+01
8.358304339864494636e+01
8.422028932429958559e+01
8.509924922175426332e+01
8.567057315509978821e+01
8.628584508331806546e+01
8.712085698590001925e+01
8.795586888848195883e+01
8.850521882439113597e+01
8.914246475004577519e+01
8.966984068851857614e+01
9.024116462186412946e+01
9.072459256546420647e+01
9.118604651162790731e+01
9.177934444240980838e+01
9.230672038088262354e+01
9.283409631935542450e+01
9.320765427577367745e+01
9.349331624244643990e+01
9.377897820911921656e+01
9.386687419886467865e+01
9.402069218091924085e+01
9.413056216810107912e+01
9.417451016297381727e+01
9.421845815784655542e+01
9.421845815784655542e+01
9.424043215528291739e+01
9.424043215528291739e+01
9.424043215528291739e+01
9.424043215528291739e+01
9.424043215528291739e+01
9.421845815784655542e+01
9.419648416041017924e+01
9.410858817066471715e+01
9.395477018861015495e+01
9.380095220655557853e+01
9.360318622962827817e+01
9.342739425013733978e+01
9.322962827321003942e+01
9.311975828602820116e+01
9.281212232191906253e+01
9.235066837575536169e+01
9.197711041933712295e+01
9.171342245010072247e+01
9.138381248855520766e+01
9.090038454495513065e+01
9.013129463468229119e+01
8.964786669108221417e+01
8.894469877311848904e+01
8.799981688335469698e+01
8.727467496795458146e+01
8.683519501922725681e+01
8.661545504486358027e+01
8.538491118842702576e+01
8.362699139351767030e+01
8.248434352682659210e+01
8.109998168833547538e+01
8.000128181651712111e+01
7.881468595495330476e+01
7.767203808826221234e+01
7.641952023438931008e+01
7.505713239333455533e+01
7.382658853689801504e+01
7.257407068302508435e+01
7.147537081120674429e+01
7.013495696758835152e+01
6.875059512909723480e+01
6.749807727522431833e+01
6.624555942135140185e+01
6.505896355978758550e+01
6.389434169566013821e+01
6.235616187511444508e+01
6.119154001098699780e+01
6.042245010071415123e+01
5.895019227247756533e+01
5.706042849295000963e+01
5.611554660318623178e+01
5.523658670573155405e+01
5.429170481596777620e+01
5.297326496978575250e+01
5.187456509796740534e+01
5.117139718000366599e+01
5.046822926203991955e+01
4.932558139534883423e+01
4.758963559787584785e+01
4.657883171580296278e+01
4.624922175425746218e+01
4.561197582860282296e+01
4.385405603369346750e+01
4.224995422083867425e+01
4.174455227980223526e+01
4.154678630287493490e+01
4.044808643105658064e+01
3.866819263871085610e+01
3.776725874381980930e+01
3.726185680278337031e+01
3.640487090276506166e+01
3.563578099249221509e+01
3.506445705914667599e+01
3.403167917963742894e+01
3.319666727705548226e+01
3.225178538729170441e+01
3.187822743087346566e+01
3.187822743087346566e+01
3.187822743087346566e+01
3.176835744369163095e+01
3.146072147958249587e+01
3.130690349752792656e+01
3.115308551547335725e+01
3.113111151803698817e+01
3.110913752060062265e+01
3.110913752060062265e+01
3.110913752060062265e+01
3.110913752060062265e+01
3.110913752060062265e+01
3.110913752060062265e+01
3.110913752060062265e+01
3.110913752060062265e+01
3.110913752060062265e+01
3.110913752060062265e+01
3.110913752060062265e+01
3.110913752060062265e+01
3.110913752060062265e+01
3.110913752060062265e+01
3.110913752060062265e+01
3.110913752060062265e+01
3.110913752060062265e+01
3.110913752060062265e+01
3.110913752060062265e+01
3.110913752060062265e+01
3.110913752060062265e+01
3.110913752060062265e+01
3.110913752060062265e+01
3.110913752060062265e+01
3.110913752060062265e+01
3.110913752060062265e+01
3.110913752060062265e+01
3.110913752060062265e+01
3.110913752060062265e+01
3.110913752060062265e+01
3.110913752060062265e+01
3.110913752060062265e+01
3.110913752060062265e+01
3.110913752060062265e+01
3.110913752060062265e+01
3.110913752060062265e+01
3.110913752060062265e+01
3.110913752060062265e+01
3.110913752060062265e+01
3.110913752060062265e+01
3.110913752060062265e+01
3.110913752060062265e+01
3.110913752060062265e+01
3.110913752060062265e+01
3.110913752060062265e+01
3.110913752060062265e+01
3.110913752060062265e+01
3.110913752060062265e+01
3.110913752060062265e+01
3.110913752060062265e+01
3.110913752060062265e+01
3.110913752060062265e+01
3.110913752060062265e+01
3.110913752060062265e+01
3.110913752060062265e+01
3.110913752060062265e+01
3.110913752060062265e+01
3.110913752060062265e+01
3.110913752060062265e+01
3.110913752060062265e+01
3.110913752060062265e+01
3.110913752060062265e+01
3.110913752060062265e+01
3.110913752060062265e+01
3.110913752060062265e+01
3.110913752060062265e+01
3.110913752060062265e+01
3.110913752060062265e+01
3.110913752060062265e+01
3.110913752060062265e+01
3.110913752060062265e+01
3.110913752060062265e+01
3.110913752060062265e+01
3.110913752060062265e+01
3.110913752060062265e+01
3.110913752060062265e+01
3.126295550265519196e+01
3.159256546420069611e+01
3.201007141549166590e+01
3.242757736678264280e+01
3.271323933345541235e+01
3.284508331807361259e+01
3.288903131294634363e+01
3.291100531038271271e+01
3.291100531038271271e+01
3.291100531038271271e+01
3.295495330525544375e+01
3.348232924372825181e+01
3.455905511811023700e+01
3.598736495147409187e+01
3.719593481047427019e+01
3.745962277971067778e+01
3.748159677714704685e+01
3.594341695660135372e+01
3.354825123603735904e+01
3.064768357443691826e+01
2.796685588720014692e+01
2.700000000000000000e+01
2.702197399743636552e+01
2.700000000000000000e+01
2.700000000000000000e+01
