3.207599340780076602e+01
3.207599340780076602e+01
3.209796740523713510e+01
3.211994140267350417e+01
3.211994140267350417e+01
3.222981138985533534e+01
3.242757736678264280e+01
3.244955136421900477e+01
3.249349935909174292e+01
3.255942135140084304e+01
3.299890130012818190e+01
3.440523713605566769e+01
3.572367698223768429e+01
3.728383080021973939e+01
3.897582860281999473e+01
4.112928035158395801e+01
4.321681010803882117e+01
4.475498992858450720e+01
4.521644387474821514e+01
4.530433986449368433e+01
4.530433986449368433e+01
4.596355978758469263e+01
4.598553378502106170e+01
4.745779161325764051e+01
4.906189342611243376e+01
5.038033327229445035e+01
5.141311115180369740e+01
5.205035707745834372e+01
5.259970701336751375e+01
5.286339498260392133e+01
5.286339498260392133e+01
5.319300494414942193e+01
5.394012085698589942e+01
5.547830067753158545e+01
5.791741439296832539e+01
6.020271012635048180e+01
6.213642190075077565e+01
6.360867972898736156e+01
6.494909357260574723e+01
6.650924739058780233e+01
6.791558322651528101e+01
6.973942501373375080e+01
7.127760483427942972e+01
7.222248672404322178e+01
7.277183665995238471e+01
7.312342061893426148e+01
7.347500457791613826e+01
7.435396447537081599e+01
7.578227430873465664e+01
7.723255813953488769e+01
7.892455594213514303e+01
8.008917780626259741e+01
8.094616370628091317e+01
8.158340963193555240e+01
8.235249954220839186e+01
8.340725141915400798e+01
8.476963926020874851e+01
8.648361106024538003e+01
8.841732283464567388e+01
8.912049075260941322e+01
8.923036073979125149e+01
8.925233473722761346e+01
9.074656656290056844e+01
9.105420252700970707e+01
9.138381248855520766e+01
9.184526643471892271e+01
9.246053836293719996e+01
9.279014832448270056e+01
9.281212232191906253e+01
9.285607031679180068e+01
9.285607031679180068e+01
9.287804431422816265e+01
9.287804431422816265e+01
9.287804431422816265e+01
9.287804431422816265e+01
9.287804431422816265e+01
9.287804431422816265e+01
9.287804431422816265e+01
9.276817432704633859e+01
9.276817432704633859e+01
9.276817432704633859e+01
9.276817432704633859e+01
9.276817432704633859e+01
9.276817432704633859e+01
9.261435634499176217e+01
9.259238234755540020e+01
9.252646035524628587e+01
9.224079838857352343e+01
9.182329243728254653e+01
9.129591649880974558e+01
9.094433253982786880e+01
9.037300860648232970e+01
8.971378868339132850e+01
8.879088079106389841e+01
8.828547885002747364e+01
8.762625892693645824e+01
8.698901300128181902e+01
8.681322102179088063e+01
8.578044314228164069e+01
8.527504120124518749e+01
8.468174327046328642e+01
8.402252334737227102e+01
8.351712140633583203e+01
8.281395348837209269e+01
8.184709760117195287e+01
8.112195568577183735e+01
8.028694378318989777e+01
7.916626991393516732e+01
7.758414209851676446e+01
7.663926020875297240e+01
7.582622230360739479e+01
7.483739241897089300e+01
7.371671854971617677e+01
7.270591466764328459e+01
7.116773484709759146e+01
7.031074894707928991e+01
6.929994506500641194e+01
6.831111518036989594e+01
6.714649331624244155e+01
6.650924739058780233e+01
6.644332539827870221e+01
6.644332539827870221e+01
6.650924739058780233e+01
6.653122138802416430e+01
6.657516938289690245e+01
6.657516938289690245e+01
6.624555942135140185e+01
6.499304156747848538e+01
6.332301776231459201e+01
6.062021607764145870e+01
5.835689434169566425e+01
5.640120856985900133e+01
5.486302874931331530e+01
5.345669291338582241e+01
5.189653909540376731e+01
5.002874931331258068e+01
4.741384361838490946e+01
4.517249587987548409e+01
4.416169199780259902e+01
4.385405603369346750e+01
4.385405603369346750e+01
4.385405603369346750e+01
4.385405603369346750e+01
4.385405603369346750e+01
4.385405603369346750e+01
4.385405603369346750e+01
4.385405603369346750e+01
4.385405603369346750e+01
4.385405603369346750e+01
4.378813404138436027e+01
4.315088811572972105e+01
4.301904413111151371e+01
4.297509613623878266e+01
4.192034425929317365e+01
3.959110053103827198e+01
3.728383080021973939e+01
3.420747115912836733e+01
3.229573338216444256e+01
3.124098150521882644e+01
3.036202160776414516e+01
2.990056766160044077e+01
2.992254165903680629e+01
2.992254165903680629e+01
2.992254165903680629e+01
2.990056766160044077e+01
2.992254165903680629e+01
2.992254165903680629e+01
2.990056766160044077e+01
2.992254165903680629e+01
2.992254165903680629e+01
2.990056766160044077e+01
2.990056766160044077e+01
2.990056766160044077e+01
2.987859366416407170e+01
2.985661966672770617e+01
2.983464566929133710e+01
2.983464566929133710e+01
2.983464566929133710e+01
2.983464566929133710e+01
2.983464566929133710e+01
2.983464566929133710e+01
2.983464566929133710e+01
2.983464566929133710e+01
2.985661966672770617e+01
2.987859366416407170e+01
3.058176158212781459e+01
3.163651345907343071e+01
3.244955136421900477e+01
3.315271928218275121e+01
3.422944515656472930e+01
3.583354696941952255e+01
3.688829884636513157e+01
3.767936275407434721e+01
3.849240065921992482e+01
3.921754257462003324e+01
4.038216443874748052e+01
4.141494231825672756e+01
4.238179820545687448e+01
4.299707013367515174e+01
4.343655008240249060e+01
4.411774400292986797e+01
4.501867789782090767e+01
4.587566379783922343e+01
4.721607764145760910e+01
4.833675151071231824e+01
4.923768540560337215e+01
5.009467130562168080e+01
5.088573521333088934e+01
5.161087712873100486e+01
5.242391503387658247e+01
5.367643288774949895e+01
5.536843069034975429e+01
5.664292254165903273e+01
5.758780443142281769e+01
5.873045229811390300e+01
6.009284013916865064e+01
6.204852591100530645e+01
6.431184764695110800e+01
6.589397546236952508e+01
6.747610327778795636e+01
6.897033510346091134e+01
7.033272294451566609e+01
7.145339681377036811e+01
7.248617469327962226e+01
7.362882255997070047e+01
7.452975645486175438e+01
7.545266434718917026e+01
7.705676616004394930e+01
7.837520600622596589e+01
7.973759384728072064e+01
8.147353964475371413e+01
8.285790148324483084e+01
8.375883537813587054e+01
8.490148324482694875e+01
8.606610510895440314e+01
8.703296099615454295e+01
8.799981688335469698e+01
8.876890679362753644e+01
8.934023072697308976e+01
8.991155466031862886e+01
9.059274858084600623e+01
9.129591649880974558e+01
9.193316242446438480e+01
9.228474638344626158e+01
9.230672038088262354e+01
9.232869437831899972e+01
9.235066837575536169e+01
9.237264237319172366e+01
9.237264237319172366e+01
9.237264237319172366e+01
9.237264237319172366e+01
9.237264237319172366e+01
9.237264237319172366e+01
9.235066837575536169e+01
9.237264237319172366e+01
9.237264237319172366e+01
9.237264237319172366e+01
9.235066837575536169e+01
9.235066837575536169e+01
9.235066837575536169e+01
9.232869437831899972e+01
9.228474638344626158e+01
9.228474638344626158e+01
9.226277238600988539e+01
9.221882439113714724e+01
9.221882439113714724e+01
9.219685039370078528e+01
9.193316242446438480e+01
9.149368247573704593e+01
9.116407251419154534e+01
9.083446255264604474e+01
9.041695660135505364e+01
8.962589269364585221e+01
8.892272477568209865e+01
8.837337483977293573e+01
8.793389489104559686e+01
8.758231093206373430e+01
8.709888298846365728e+01
8.643966306537265609e+01
8.582439113715437884e+01
8.514319721662698726e+01
8.422028932429958559e+01
8.342922541659036995e+01
8.279197949093573072e+01
8.213275956784471532e+01
8.140761765244459980e+01
8.059457974729903640e+01
7.967167185497162052e+01
7.863889397546236637e+01
7.786980406518952691e+01
7.723255813953488769e+01
7.661728621131661043e+01
7.560648232924373247e+01
7.463962644204357844e+01
7.391448452664347712e+01
7.294762863944333731e+01
7.202472074711590722e+01
7.116773484709759146e+01
6.991521699322467498e+01
6.877256912653359677e+01
6.760794726240615660e+01
6.675096136238784084e+01
6.595989745467863941e+01
6.585002746749680114e+01
6.585002746749680114e+01
6.578410547518768681e+01
6.470737960080572293e+01
6.286156381615089117e+01
6.132338399560519804e+01
5.958743819813221165e+01
5.822505035707745691e+01
5.679674052371360915e+01
5.543435268265885441e+01
5.402801684673136862e+01
5.251181102362204456e+01
5.099560520051272761e+01
4.974308734663981113e+01
4.930360739791247227e+01
4.930360739791247227e+01
4.930360739791247227e+01
4.930360739791247227e+01
4.930360739791247227e+01
4.879820545687603328e+01
4.752371360556674063e+01
4.534828785936641538e+01
4.288720014649331347e+01
4.187639626442043550e+01
4.161270829518403502e+01
4.159073429774766595e+01
4.159073429774766595e+01
4.159073429774766595e+01
4.141494231825672756e+01
4.051400842336568076e+01
3.901977659769272577e+01
3.739370078740157055e+01
3.574565097967405336e+01
3.449313312580113688e+01
3.354825123603735904e+01
3.293297930781908178e+01
3.244955136421900477e+01
3.198809741805530038e+01
3.196612342061893486e+01
3.196612342061893486e+01
3.196612342061893486e+01
3.196612342061893486e+01
3.196612342061893486e+01
3.196612342061893486e+01
3.196612342061893486e+01
3.185625343343710014e+01
3.102124153085515346e+01
3.005438564365501009e+01
2.875791979490935546e+01
2.818659586156381636e+01
2.818659586156381636e+01
2.818659586156381636e+01
2.814264786669108176e+01
2.814264786669108176e+01
2.814264786669108176e+01
2.814264786669108176e+01
2.814264786669108176e+01
2.814264786669108176e+01
2.814264786669108176e+01
2.860410181285478970e+01
2.954898370261856755e+01
3.047189159494597988e+01
3.124098150521882644e+01
3.187822743087346566e+01
3.258139534883721211e+01
3.368009522065555927e+01
3.469089910272843724e+01
3.570170298480131521e+01
3.647079289507416178e+01
3.719593481047427019e+01
3.827266068485625539e+01
3.884398461820179449e+01
3.987676249771104153e+01
4.130507233107489640e+01
4.224995422083867425e+01
4.271140816700238219e+01
4.315088811572972105e+01
4.394195202343892959e+01
4.510657388756638397e+01
4.618329976194836206e+01
4.719410364402124003e+01
4.822688152353048707e+01
4.941347738509430343e+01
5.020454129280351196e+01
5.075389122871268910e+01
5.130324116462186623e+01
5.251181102362204456e+01
5.433565281084050014e+01
5.626936458524079399e+01
5.811518036989562574e+01
5.998297015198681237e+01
6.176286394433253690e+01
6.343288774949643027e+01
6.514685954953304758e+01
6.661911737776964060e+01
6.811334920344259558e+01
6.967350302142463647e+01
7.118970884453396764e+01
7.239827870353414596e+01
7.327723860098882369e+01
7.413422450100713945e+01
7.536476835744369396e+01
7.710071415491668745e+01
7.841915400109868983e+01
7.958377586522615843e+01
8.088024171397179884e+01
8.202288958066287705e+01
8.329738143197215550e+01
8.424226332173594756e+01
8.529701519868156367e+01
8.632979307819080361e+01
8.725270097051821949e+01
8.797784288591833501e+01
8.854916681926387412e+01
8.905456876030031310e+01
8.982365867057316677e+01
9.046090459622780600e+01
9.101025453213696892e+01
9.120802050906426928e+01
9.122999450650064546e+01
9.127394250137338361e+01
9.127394250137338361e+01
9.127394250137338361e+01
9.127394250137338361e+01
9.127394250137338361e+01
9.127394250137338361e+01
9.127394250137338361e+01
9.127394250137338361e+01
9.127394250137338361e+01
9.127394250137338361e+01
9.127394250137338361e+01
9.127394250137338361e+01
9.118604651162790731e+01
9.107617652444606904e+01
9.087841054751876868e+01
9.068064457059146832e+01
9.046090459622780600e+01
9.017524262955502934e+01
8.980168467313679059e+01
8.940615271928217567e+01
8.905456876030031310e+01
8.881285478850028881e+01
8.859311481413661227e+01
8.828547885002747364e+01
8.784599890130013478e+01
8.720875297564549555e+01
8.654953305255446594e+01
8.593426112433620290e+01
8.545083318073612588e+01
8.498937923457242505e+01
8.435213330891778583e+01
8.347317341146310810e+01
8.263816150888115430e+01
8.200091558322651508e+01
8.171525361655375264e+01
8.149551364219007610e+01
8.149551364219007610e+01
8.129774766526277574e+01
8.123182567295367562e+01
8.118787767808093747e+01
8.114392968320819932e+01
8.112195568577183735e+01
8.114392968320819932e+01
8.114392968320819932e+01
8.048470976011719813e+01
7.888060794726240488e+01
7.813349203442592739e+01
7.754019410364401210e+01
7.696887017029848721e+01
7.593609229078924727e+01
7.463962644204357844e+01
7.378264054202527689e+01
7.356290056766161456e+01
7.299157663431606125e+01
7.200274674967954525e+01
7.064035890862479050e+01
6.921204907526094985e+01
6.782768723676981892e+01
6.703662332906060328e+01
6.655319538546054048e+01
6.602581944698772531e+01
6.576213147775132484e+01
6.543252151620582424e+01
6.453158762131477033e+01
6.316919978026002269e+01
6.149917597509613643e+01
5.998297015198681237e+01
5.884032228529573416e+01
5.796136238784104933e+01
5.712635048525910975e+01
5.565409265702252384e+01
5.389617286211316127e+01
5.233601904413110617e+01
5.117139718000366599e+01
5.053415125434901967e+01
5.044625526460355047e+01
5.035835927485808838e+01
4.985295733382164229e+01
4.879820545687603328e+01
4.706225965940303979e+01
4.521644387474821514e+01
4.394195202343892959e+01
4.381010803882072935e+01
4.376616004394799120e+01
4.348049807727522875e+01
4.273338216443875126e+01
4.154678630287493490e+01
4.018439846182018016e+01
3.855832265152902494e+01
3.706409082585606996e+01
3.655868888481963097e+01
3.614118293352865408e+01
3.543801501556491473e+01
3.460300311298296805e+01
3.381193920527375951e+01
3.350430324116462089e+01
3.332851126167368250e+01
3.328456326680095145e+01
3.313074528474638214e+01
3.286705731550998166e+01
3.275718732832814339e+01
3.269126533601904327e+01
3.233968137703717360e+01
3.141677348470976128e+01
3.016425563083684125e+01
2.862607581029115522e+01
2.768119392052737737e+01
2.768119392052737737e+01
2.768119392052737737e+01
2.765921992309100830e+01
2.761527192821827370e+01
2.761527192821827370e+01
2.776908991027284301e+01
2.816462186412744728e+01
2.860410181285478970e+01
2.884581578465482465e+01
2.930726973081853259e+01
3.005438564365501009e+01
3.071360556674601838e+01
3.126295550265519196e+01
3.187822743087346566e+01
3.271323933345541235e+01
3.293297930781908178e+01
3.368009522065555927e+01
3.429536714887383653e+01
3.433931514374656757e+01
3.502050906427394494e+01
3.603131294634682291e+01
3.638289690532869258e+01
3.697619483611060076e+01
3.778923274125617837e+01
3.853634865409265586e+01
3.970097051822010314e+01
4.095348837209301962e+01
4.189837026185680458e+01
4.257956418238417484e+01
4.321681010803882117e+01
4.422761399011169914e+01
4.550210584142098469e+01
4.668870170298480105e+01
4.778740157480314821e+01
4.882017945431239525e+01
4.980900933894891125e+01
5.079783922358542725e+01
5.178666910822193614e+01
5.281944698773118319e+01
5.312708295184032181e+01
5.387419886467679930e+01
5.534645669291338521e+01
5.668687053653177088e+01
5.818110236220472586e+01
5.932375022889580407e+01
6.055429408533235858e+01
6.174088994689617493e+01
6.299340780076909141e+01
6.457553561618750848e+01
6.591594945980588705e+01
6.727833730086064179e+01
6.859677714704267260e+01
6.962955502655191253e+01
7.042061893426111396e+01
7.118970884453396764e+01
7.206866874198865958e+01
7.314539461637062345e+01
7.446383446255265426e+01
7.604596227797105712e+01
7.727650613440761163e+01
7.830928401391686577e+01
7.907837392418970524e+01
7.993535982420803521e+01
8.109998168833547538e+01
8.244039553195386816e+01
8.386870536531770881e+01
8.505530122688152517e+01
8.580241713971800266e+01
8.650558505768174200e+01
8.753836293719099615e+01
8.808771287310017328e+01
8.865903680644569818e+01
8.995550265519136701e+01
9.076854056033693041e+01
9.114209851675518337e+01
9.127394250137338361e+01
9.182329243728254653e+01
9.272422633217360044e+01
9.283409631935542450e+01
9.285607031679180068e+01
9.287804431422816265e+01
9.290001831166453883e+01
9.294396630653726277e+01
9.296594030397362474e+01
9.296594030397362474e+01
9.298791430141000092e+01
9.300988829884636289e+01
9.300988829884636289e+01
9.300988829884636289e+01
9.300988829884636289e+01
9.300988829884636289e+01
9.300988829884636289e+01
9.300988829884636289e+01
9.300988829884636289e+01
9.298791430141000092e+01
9.300988829884636289e+01
9.298791430141000092e+01
9.296594030397362474e+01
9.263633034242812414e+01
9.232869437831899972e+01
9.199908441677348492e+01
9.166947445522798432e+01
9.131789049624610755e+01
9.107617652444606904e+01
9.061472257828236820e+01
9.006537264237319107e+01
8.940615271928217567e+01
8.865903680644569818e+01
8.802179088079105895e+01
8.747244094488189603e+01
8.685716901666361878e+01
8.608807910639077932e+01
8.527504120124518749e+01
8.452792528840871000e+01
8.364896539095403227e+01
8.277000549349935454e+01
8.217670756271745347e+01
8.145156564731733795e+01
8.090221571140816081e+01
7.980351583958982076e+01
7.848507599340780416e+01
7.754019410364401210e+01
7.655136421900751031e+01
7.558450833180737050e+01
7.485936641640725497e+01
7.417817249587987760e+01
7.334316059329793802e+01
7.222248672404322178e+01
7.035469694195202806e+01
6.914612708295183552e+01
6.839901117011535803e+01
6.795953122138803337e+01
6.754202527009704227e+01
6.694872733931514119e+01
6.633345541109687815e+01
6.527870353415124782e+01
6.402618568027833135e+01
6.266379783922358371e+01
6.108167002380516664e+01
6.009284013916865064e+01
5.886229628273210324e+01
5.767570042116828688e+01
5.615949459805896282e+01
5.466526277238600784e+01
5.325892693645852205e+01
5.240194103644021340e+01
5.207233107489470569e+01
5.205035707745834372e+01
5.200640908258560557e+01
5.156692913385826671e+01
5.064402124153085083e+01
4.864438747482145686e+01
4.642501373374840057e+01
4.510657388756638397e+01
4.460117194652993788e+01
4.440340596960263753e+01
4.385405603369346750e+01
4.268943416956601311e+01
4.154678630287493490e+01
4.000860648232924177e+01
3.789910272843801664e+01
3.693224684123786972e+01
3.660263687969236202e+01
3.603131294634682291e+01
3.502050906427394494e+01
3.471287310016480632e+01
3.471287310016480632e+01
3.471287310016480632e+01
3.469089910272843724e+01
3.460300311298296805e+01
3.460300311298296805e+01
3.458102911554660608e+01
3.405365317707379802e+01
3.308679728987365110e+01
3.201007141549166590e+01
3.049386559238234895e+01
2.908752975645486316e+01
2.787895989745467773e+01
2.781303790514557761e+01
2.781303790514557761e+01
2.781303790514557761e+01
2.776908991027284301e+01
2.774711591283647749e+01
2.774711591283647749e+01
2.774711591283647749e+01
2.798882988463651245e+01
2.851620582310932051e+01
2.880186778978209006e+01
2.921937374107306340e+01
2.985661966672770617e+01
3.042794360007324528e+01
3.097729353598241886e+01
3.150466947445522692e+01
3.196612342061893486e+01
3.251547335652810489e+01
3.295495330525544375e+01
3.348232924372825181e+01
3.400970518220105987e+01
3.480076908991027551e+01
3.502050906427394494e+01
3.504248306171030691e+01
3.559183299761948405e+01
3.686632484892876960e+01
3.763541475920160906e+01
3.871214063358359425e+01
3.985478850027467246e+01
4.099743636696575777e+01
4.185442226698406643e+01
4.255759018494781287e+01
4.354642006958432887e+01
4.460117194652993788e+01
4.567789782091192308e+01
4.679857169016663931e+01
4.783134956967587925e+01
4.895202343893059549e+01
4.987493133125801137e+01
5.066599523896722701e+01
5.161087712873100486e+01
5.233601904413110617e+01
5.330287493133126020e+01
5.426973081853140002e+01
5.519263871085881590e+01
5.666489653909540181e+01
5.765372642373191781e+01
5.881834828785936509e+01
6.062021607764145870e+01
6.207049990844167553e+01
6.336696575718733015e+01
6.461948361106024663e+01
6.589397546236952508e+01
6.736623329060611809e+01
6.846493316242447236e+01
6.938784105475187403e+01
7.028877494964291373e+01
7.121168284197034382e+01
7.242025270097052214e+01
7.356290056766161456e+01
7.466160043947995462e+01
7.571635231642557073e+01
7.677110419337117264e+01
7.828731001648048959e+01
7.964969785753524434e+01
8.044076176524445998e+01
8.129774766526277574e+01
8.241842153451747777e+01
8.345119941402674613e+01
8.503332722944516320e+01
8.580241713971800266e+01
8.632979307819080361e+01
8.725270097051821949e+01
8.826350485259109746e+01
8.905456876030031310e+01
8.988958066288225268e+01
9.059274858084600623e+01
9.112012451931880719e+01
9.133986449368246952e+01
9.175737044497344641e+01
9.252646035524628587e+01
9.292199230910090080e+01
9.294396630653726277e+01
9.296594030397362474e+01
9.298791430141000092e+01
9.300988829884636289e+01
9.305383629371910104e+01
9.307581029115547722e+01
9.309778428859183919e+01
9.309778428859183919e+01
9.311975828602820116e+01
9.311975828602820116e+01
9.311975828602820116e+01
9.311975828602820116e+01
9.311975828602820116e+01
9.311975828602820116e+01
9.311975828602820116e+01
9.309778428859183919e+01
9.311975828602820116e+01
9.311975828602820116e+01
9.311975828602820116e+01
9.279014832448270056e+01
9.241659036806446181e+01
9.210895440395532319e+01
9.175737044497344641e+01
9.142776048342794581e+01
9.101025453213696892e+01
9.052682658853689190e+01
9.002142464750045292e+01
8.934023072697308976e+01
8.874693279619117448e+01
8.821955685771837352e+01
8.764823292437282021e+01
8.692309100897271890e+01
8.600018311664530302e+01
8.538491118842702576e+01
8.472569126533602457e+01
8.404449734480863299e+01
8.334132942684490786e+01
8.237447353964475383e+01
8.171525361655375264e+01
8.083629371909907491e+01
7.991338582677164482e+01
7.907837392418970524e+01
7.815546603186228936e+01
7.721058414209852572e+01
7.633162424464384799e+01
7.538674235488005593e+01
7.466160043947995462e+01
7.347500457791613826e+01
7.209064273942502155e+01
7.086009888298846704e+01
6.949771104193371229e+01
6.802545321369711928e+01
6.666306537264236454e+01
6.567423548800586275e+01
6.525672953671488585e+01
6.499304156747848538e+01
6.490514557773300908e+01
6.450961362387840836e+01
6.345486174693279224e+01
6.204852591100530645e+01
6.057626808276872055e+01
5.910401025453213464e+01
5.791741439296832539e+01
5.695055850576817136e+01
5.613752060062259375e+01
5.519263871085881590e+01
5.404999084416773769e+01
5.229207104925838223e+01
5.018256729536715000e+01
4.910584142098517191e+01
4.877623145943966421e+01
4.877623145943966421e+01
4.868833546969419501e+01
4.813898553378501788e+01
4.726002563633034015e+01
4.594158579014832355e+01
4.442537996703900660e+01
4.260153817982054392e+01
4.101941036440211974e+01
4.077769639260208834e+01
4.049203442592931879e+01
3.985478850027467246e+01
3.899780260025636380e+01
3.803094671305621688e+01
3.695422083867423169e+01
3.653671488738326190e+01
3.614118293352865408e+01
3.535011902581944554e+01
3.458102911554660608e+01
3.398773118476469790e+01
3.363614722578282112e+01
3.359219923091009008e+01
3.341640725141915169e+01
3.297692730269181283e+01
3.225178538729170441e+01
3.086742354880058770e+01
2.875791979490935546e+01
2.825251785387291648e+01
2.825251785387291648e+01
2.827449185130928555e+01
2.825251785387291648e+01
2.825251785387291648e+01
2.823054385643655095e+01
2.820856985900018188e+01
2.818659586156381636e+01
2.818659586156381636e+01
2.847225782823658591e+01
2.869199780260025534e+01
2.895568577183665937e+01
2.924134773850943247e+01
2.979069767441860606e+01
3.025215162058231044e+01
3.055978758469144907e+01
3.115308551547335725e+01
3.172440944881889635e+01
3.218586339498260429e+01
3.253744735396447396e+01
3.306482329243728202e+01
3.370206921809192124e+01
3.420747115912836733e+01
3.504248306171030691e+01
3.581157297198315348e+01
3.653671488738326190e+01
3.734975279252883951e+01
3.833858267716535551e+01
3.908569859000183300e+01
3.954715253616554094e+01
4.060190441311114995e+01
4.229390221571141240e+01
4.321681010803882117e+01
4.383208203625709132e+01
4.455722395165720684e+01
4.552407983885734666e+01
4.682054568760300128e+01
4.789727156198497937e+01
4.873228346456693316e+01
4.958926936458524182e+01
5.049020325947628862e+01
5.150100714154916659e+01
5.262168101080388283e+01
5.363248489287676080e+01
5.470921076725873888e+01
5.530250869804065417e+01
5.615949459805896282e+01
5.798333638527742551e+01
5.934572422633217315e+01
6.059824208020508962e+01
6.182878593664163702e+01
6.292748580845999129e+01
6.418000366233290777e+01
6.613568943416956358e+01
6.771781724958799487e+01
6.901428309833363528e+01
6.980534700604285092e+01
7.017890496246108967e+01
7.094799487273392913e+01
7.211261673686138352e+01
7.369474455227981480e+01
7.479344442409815485e+01
7.584819630104377097e+01
7.705676616004394930e+01
7.817744002929866554e+01
7.916626991393516732e+01
8.013312580113532135e+01
8.105603369346273723e+01
8.191301959348105299e+01
8.331935542940854589e+01
8.465976927302691024e+01
8.562662516022706427e+01
8.663742904229994224e+01
8.745046694744553406e+01
8.808771287310017328e+01
8.868101080388207436e+01
8.949404870902765197e+01
9.010932063724592922e+01
9.059274858084600623e+01
9.125196850393700743e+01
9.197711041933712295e+01
9.261435634499176217e+01
9.283409631935542450e+01
9.292199230910090080e+01
9.296594030397362474e+01
9.298791430141000092e+01
9.300988829884636289e+01
9.305383629371910104e+01
9.307581029115547722e+01
9.309778428859183919e+01
9.314173228346456312e+01
9.316370628090093930e+01
9.316370628090093930e+01
9.316370628090093930e+01
9.316370628090093930e+01
9.316370628090093930e+01
9.316370628090093930e+01
9.318568027833730127e+01
9.316370628090093930e+01
9.316370628090093930e+01
9.316370628090093930e+01
9.311975828602820116e+01
9.279014832448270056e+01
9.232869437831899972e+01
9.191118842702802283e+01
9.144973448086430778e+01
9.105420252700970707e+01
9.065867057315510635e+01
9.004339864493682910e+01
8.951602270646401394e+01
8.903259476286395113e+01
8.813166086797289722e+01
8.714283098333638122e+01
8.646163706280901806e+01
8.578044314228164069e+01
8.516517121406336344e+01
8.437410730635414779e+01
8.325343343709943156e+01
8.248434352682659210e+01
8.186907159860831484e+01
8.112195568577183735e+01
8.002325581395348308e+01
7.870481596777148070e+01
7.762809009338948840e+01
7.681505218824392500e+01
7.637557223951657193e+01
7.576030031129829467e+01
7.441988646767990190e+01
7.303552462918879939e+01
7.204669474455226919e+01
7.088207288042482901e+01
6.921204907526094985e+01
6.824519318806079582e+01
6.747610327778795636e+01
6.615766343160592555e+01
6.481724958798754699e+01
6.314722578282366072e+01
6.193865592382347529e+01
6.051034609045962043e+01
5.868650430324116485e+01
5.732411646218641010e+01
5.611554660318623178e+01
5.523658670573155405e+01
5.448947079289507656e+01
5.387419886467679930e+01
5.328090093389489112e+01
5.253378502105841363e+01
5.191851309284014349e+01
5.156692913385826671e+01
5.158890313129463578e+01
5.174272111334920510e+01
5.081981322102178922e+01
4.956729536714887274e+01
4.914978941585790295e+01
4.890807544405786444e+01
4.822688152353048707e+01
4.704028566196667072e+01
4.589763779527558540e+01
4.471104193371176905e+01
4.343655008240249060e+01
4.211811023622047401e+01
4.112928035158395801e+01
4.064585240798388810e+01
4.053598242080204983e+01
4.022834645669291120e+01
3.928346456692913335e+01
3.811884270280168607e+01
3.666855887200146924e+01
3.585552096685588452e+01
3.486669108221937563e+01
3.442721113349203677e+01
3.442721113349203677e+01
3.438326313861929862e+01
3.418549716169199826e+01
3.339443325398278972e+01
3.247152536165537384e+01
3.110913752060062265e+01
2.994451565647317182e+01
2.928529573338216352e+01
2.926332173594579800e+01
2.921937374107306340e+01
2.913147775132759421e+01
2.913147775132759421e+01
2.910950375389122868e+01
2.904358176158212856e+01
2.899963376670939397e+01
2.899963376670939397e+01
2.902160776414575949e+01
2.908752975645486316e+01
2.926332173594579800e+01
2.959293169749130215e+01
2.983464566929133710e+01
3.023017762314594492e+01
3.080150155649148402e+01
3.117505951290972277e+01
3.146072147958249587e+01
3.172440944881889635e+01
3.201007141549166590e+01
3.271323933345541235e+01
3.332851126167368250e+01
3.385588720014649056e+01
3.458102911554660608e+01
3.530617103094671450e+01
3.594341695660135372e+01
3.611920893609229211e+01
3.669053286943783121e+01
3.774528474638344733e+01
3.877806262589269437e+01
3.972294451565647222e+01
4.066782640542025007e+01
4.154678630287493490e+01
4.242574620032961263e+01
4.367826405420252911e+01
4.427156198498443018e+01
4.521644387474821514e+01
4.624922175425746218e+01
4.699633766709393967e+01
4.811701153634865591e+01
4.899597143380333364e+01
5.002874931331258068e+01
5.110547518769456588e+01
5.213825306720380581e+01
5.319300494414942193e+01
5.409393883904046874e+01
5.514869071598607775e+01
5.604962461087713166e+01
5.697253250320454043e+01
5.822505035707745691e+01
5.910401025453213464e+01
5.982915216993224305e+01
6.154312396996886747e+01
6.360867972898736156e+01
6.494909357260574723e+01
6.609174143929683964e+01
6.730031129829701797e+01
6.848690715986083433e+01
6.921204907526094985e+01
6.989324299578831301e+01
7.050851492400659026e+01
7.209064273942502155e+01
7.332118659586156184e+01
7.446383446255265426e+01
7.543069034975279408e+01
7.659531221388024846e+01
7.800164804980772715e+01
7.885863394982604291e+01
7.980351583958982076e+01
8.092418970884452278e+01
8.156143563449919043e+01
8.259421351400843037e+01
8.395660135506317090e+01
8.457187328328144815e+01
8.573649514740890254e+01
8.670335103460905657e+01
8.731862296282733382e+01
8.813166086797289722e+01
8.896667277055485101e+01
8.960391869620949024e+01
9.008734663980956725e+01
9.063669657571873017e+01
9.129591649880974558e+01
9.164750045779160814e+01
9.224079838857352343e+01
9.265830433986448611e+01
9.272422633217360044e+01
9.276817432704633859e+01
9.281212232191906253e+01
9.298791430141000092e+01
9.309778428859183919e+01
9.316370628090093930e+01
9.320765427577367745e+01
9.325160227064640139e+01
9.327357626808276336e+01
9.331752426295550151e+01
9.331752426295550151e+01
9.336147225782823966e+01
9.338344625526460163e+01
9.338344625526460163e+01
9.338344625526460163e+01
9.338344625526460163e+01
9.338344625526460163e+01
9.338344625526460163e+01
9.316370628090093930e+01
9.272422633217360044e+01
9.228474638344626158e+01
9.195513642190074677e+01
9.162552646035524617e+01
9.138381248855520766e+01
9.090038454495513065e+01
9.041695660135505364e+01
8.988958066288225268e+01
8.925233473722761346e+01
8.859311481413661227e+01
8.795586888848195883e+01
8.736257095770005776e+01
8.657150704999085633e+01
8.593426112433620290e+01
8.523109320637246356e+01
8.402252334737227102e+01
8.320948544222670762e+01
8.224262955502655359e+01
8.112195568577183735e+01
8.008917780626259741e+01
7.991338582677164482e+01
7.991338582677164482e+01
7.947390587804432016e+01
7.839718000366232786e+01
7.738637612158944989e+01
7.633162424464384799e+01
7.516700238051637939e+01
7.393645852407983909e+01
7.281578465482513707e+01
7.167313678813403044e+01
7.046456692913386632e+01
6.912415308551547355e+01
6.795953122138803337e+01
6.688280534700604107e+01
6.580607947262406299e+01
6.479527559055117081e+01
6.428987364951473182e+01
6.385039370078740006e+01
6.305932979307819153e+01
6.213642190075077565e+01
6.110364402124152861e+01
5.996099615455045040e+01
5.868650430324116485e+01
5.703845449551364055e+01
5.576396264420435500e+01
5.453341878776780760e+01
5.354458890313129871e+01
5.240194103644021340e+01
5.062204724409448886e+01
4.963321735945797286e+01
4.901794543123969561e+01
4.877623145943966421e+01
4.820490752609411800e+01
4.708423365683940176e+01
4.594158579014832355e+01
4.457919794909356881e+01
4.328273210034792129e+01
4.227192821827504332e+01
4.139296832082035849e+01
4.106335835927485789e+01
4.095348837209301962e+01
4.047006042849294971e+01
3.930543856436550243e+01
3.792107672587438572e+01
3.671250686687420028e+01
3.594341695660135372e+01
3.502050906427394494e+01
3.447115912836476781e+01
3.422944515656472930e+01
3.409760117194652906e+01
3.381193920527375951e+01
3.319666727705548226e+01
3.260336934627357408e+01
3.205401941036440405e+01
3.108716352316425713e+01
2.972477568210950238e+01
2.902160776414575949e+01
2.902160776414575949e+01
2.902160776414575949e+01
2.893371177440029385e+01
2.888976377952755925e+01
2.884581578465482465e+01
2.875791979490935546e+01
2.875791979490935546e+01
2.873594579747298994e+01
2.875791979490935546e+01
2.906555575901849409e+01
2.954898370261856755e+01
2.994451565647317182e+01
3.036202160776414516e+01
3.082347555392785310e+01
3.104321552829152253e+01
3.124098150521882644e+01
3.174638344625526543e+01
3.260336934627357408e+01
3.341640725141915169e+01
3.354825123603735904e+01
3.370206921809192124e+01
3.416352316425562918e+01
3.519630104376487623e+01
3.598736495147409187e+01
3.675645486174693133e+01
3.741567478483793963e+01
3.814081670023804804e+01
3.882201062076542541e+01
3.963504852591100303e+01
4.068980040285661914e+01
4.183244826954769735e+01
4.306299212598425186e+01
4.394195202343892959e+01
4.446932796191173765e+01
4.495275590551180755e+01
4.510657388756638397e+01
4.723805163889397818e+01
4.791924555942135555e+01
4.877623145943966421e+01
5.035835927485808838e+01
5.158890313129463578e+01
5.242391503387658247e+01
5.306116095953122169e+01
5.372038088262222999e+01
5.486302874931331530e+01
5.576396264420435500e+01
5.681871452114997112e+01
5.745596044680461034e+01
5.864255630836842670e+01
6.083995605200512813e+01
6.209247390587804460e+01
6.345486174693279224e+01
6.488317158029664711e+01
6.600384544955136334e+01
6.727833730086064179e+01
6.813532320087895755e+01
6.921204907526094985e+01
7.004706097784287522e+01
7.059641091375206656e+01
7.160721479582494453e+01
7.270591466764328459e+01
7.402435451382530118e+01
7.554056033693463235e+01
7.674913019593481067e+01
7.797967405237136518e+01
7.936403589086248189e+01
8.013312580113532135e+01
8.079234572422632255e+01
8.195696758835379114e+01
8.296777147042666911e+01
8.417634132942684744e+01
8.514319721662698726e+01
8.593426112433620290e+01
8.674729902948178051e+01
8.747244094488189603e+01
8.819758286028201155e+01
8.894469877311848904e+01
8.960391869620949024e+01
9.032906061160959155e+01
9.085643655008240671e+01
9.169144845266434629e+01
9.204303241164622307e+01
9.241659036806446181e+01
9.270225233473722426e+01
9.276817432704633859e+01
9.283409631935542450e+01
9.292199230910090080e+01
9.307581029115547722e+01
9.314173228346456312e+01
9.318568027833730127e+01
9.322962827321003942e+01
9.322962827321003942e+01
9.322962827321003942e+01
9.325160227064640139e+01
9.327357626808276336e+01
9.329555026551913954e+01
9.331752426295550151e+01
9.331752426295550151e+01
9.331752426295550151e+01
9.331752426295550151e+01
9.331752426295550151e+01
9.331752426295550151e+01
9.325160227064640139e+01
9.283409631935542450e+01
9.232869437831899972e+01
9.202105841420986110e+01
9.158157846548252223e+01
9.125196850393700743e+01
9.079051455777330659e+01
9.028511261673685340e+01
8.991155466031862886e+01
8.940615271928217567e+01
8.905456876030031310e+01
8.824153085515473549e+01
8.753836293719099615e+01
8.670335103460905657e+01
8.621992309100897955e+01
8.545083318073612588e+01
8.450595129097234803e+01
8.364896539095403227e+01
8.296777147042666911e+01
8.224262955502655359e+01
8.081431972166271294e+01
8.026496978575352159e+01
7.991338582677164482e+01
7.907837392418970524e+01
7.791375206006226506e+01
7.677110419337117264e+01
7.593609229078924727e+01
7.501318439846181718e+01
7.371671854971617677e+01
7.274986266251602274e+01
7.173905878044314477e+01
6.993719099066105116e+01
6.921204907526094985e+01
6.828914118293351976e+01
6.644332539827870221e+01
6.490514557773300908e+01
6.389434169566013821e+01
6.363065372642373063e+01
6.356473173411463051e+01
6.338893975462369212e+01
6.281761582127815302e+01
6.189470792895074425e+01
6.033455411096868914e+01
5.895019227247756533e+01
5.734609045962277918e+01
5.600567661600439351e+01
5.464328877494963876e+01
5.367643288774949895e+01
5.255575901849478271e+01
5.081981322102178922e+01
4.991887932613074952e+01
4.943545138253067250e+01
4.877623145943966421e+01
4.809503753891228683e+01
4.697436366965757060e+01
4.561197582860282296e+01
4.499670390038454570e+01
4.422761399011169914e+01
4.321681010803882117e+01
4.200824024903863574e+01
4.119520234389305813e+01
4.090954037722028858e+01
4.022834645669291120e+01
3.910767258743820207e+01
3.822871268998351724e+01
3.710803882072880810e+01
3.655868888481963097e+01
3.600933894891045384e+01
3.491063907709210667e+01
3.368009522065555927e+01
3.262534334370994316e+01
3.174638344625526543e+01
3.095531953854605334e+01
3.082347555392785310e+01
3.082347555392785310e+01
3.073557956418238390e+01
3.064768357443691826e+01
3.066965757187328379e+01
3.066965757187328379e+01
3.064768357443691826e+01
3.066965757187328379e+01
3.064768357443691826e+01
3.066965757187328379e+01
3.064768357443691826e+01
3.064768357443691826e+01
3.064768357443691826e+01
3.066965757187328379e+01
3.064768357443691826e+01
3.066965757187328379e+01
3.066965757187328379e+01
3.064768357443691826e+01
3.064768357443691826e+01
3.064768357443691826e+01
3.064768357443691826e+01
3.064768357443691826e+01
3.064768357443691826e+01
3.064768357443691826e+01
3.064768357443691826e+01
3.062570957700054919e+01
3.062570957700054919e+01
3.060373557956418367e+01
3.055978758469144907e+01
3.053781358725507999e+01
3.049386559238234895e+01
3.047189159494597988e+01
3.040596960263687976e+01
3.034004761032777964e+01
3.031807361289141056e+01
3.031807361289141056e+01
3.031807361289141056e+01
3.031807361289141056e+01
3.031807361289141056e+01
3.031807361289141056e+01
3.031807361289141056e+01
3.031807361289141056e+01
3.031807361289141056e+01
3.031807361289141056e+01
3.031807361289141056e+01
3.031807361289141056e+01
3.031807361289141056e+01
3.031807361289141056e+01
3.031807361289141056e+01
3.029609961545504504e+01
3.027412561801867952e+01
3.025215162058231044e+01
3.023017762314594492e+01
3.018622962827321032e+01
3.016425563083684125e+01
3.012030763596411020e+01
3.012030763596411020e+01
3.014228163340047573e+01
3.014228163340047573e+01
3.014228163340047573e+01
3.014228163340047573e+01
3.014228163340047573e+01
3.016425563083684125e+01
3.025215162058231044e+01
3.029609961545504504e+01
3.042794360007324528e+01
3.053781358725507999e+01
3.069163156930964931e+01
3.077952755905511850e+01
3.086742354880058770e+01
3.093334554110968782e+01
3.104321552829152253e+01
3.117505951290972277e+01
3.132887749496429208e+01
3.143874748214612680e+01
3.148269547701886140e+01
3.150466947445522692e+01
3.150466947445522692e+01
3.152664347189159599e+01
3.154861746932796152e+01
3.157059146676432704e+01
3.157059146676432704e+01
3.157059146676432704e+01
3.157059146676432704e+01
3.154861746932796152e+01
3.157059146676432704e+01
3.157059146676432704e+01
3.154861746932796152e+01
3.108716352316425713e+01
3.034004761032777964e+01
2.926332173594579800e+01
2.853817982054568603e+01
2.768119392052737737e+01
2.713184398461820024e+01
2.700000000000000000e+01
2.700000000000000000e+01
2.700000000000000000e+01
2.700000000000000000e+01
