3.058176158212781459e+01
3.082347555392785310e+01
3.121900750778245737e+01
3.172440944881889635e+01
3.247152536165537384e+01
3.313074528474638214e+01
3.368009522065555927e+01
3.438326313861929862e+01
3.499853506683757587e+01
3.581157297198315348e+01
3.614118293352865408e+01
3.629500091558323049e+01
3.671250686687420028e+01
3.739370078740157055e+01
3.836055667460172458e+01
3.978886650796557234e+01
4.101941036440211974e+01
4.200824024903863574e+01
4.238179820545687448e+01
4.260153817982054392e+01
4.330470609778429036e+01
4.431550997985716833e+01
4.556802783373008481e+01
4.695238967222120152e+01
4.849056949276689465e+01
4.983098333638527322e+01
5.088573521333088934e+01
5.152298113898552856e+01
5.196246108771287453e+01
5.237996703900384432e+01
5.299523896722212157e+01
5.431367881340413817e+01
5.550027467496795452e+01
5.631331258011353214e+01
5.732411646218641010e+01
5.910401025453213464e+01
6.042245010071415123e+01
6.180681193920527505e+01
6.327906976744186096e+01
6.444369163156930824e+01
6.578410547518768681e+01
6.668503937007874072e+01
6.762992125984251857e+01
6.837703717267899606e+01
6.927797106757003576e+01
7.068430690349752865e+01
7.198077275224318328e+01
7.325526460355246172e+01
7.466160043947995462e+01
7.606793627540744751e+01
7.738637612158944989e+01
7.844112799853508022e+01
7.929811389855336756e+01
8.050668375755356010e+01
8.162735762680827634e+01
8.292382347555393096e+01
8.408844533968138535e+01
8.487950924739058678e+01
8.593426112433620290e+01
8.681322102179088063e+01
8.747244094488189603e+01
8.795586888848195883e+01
8.852719282182749794e+01
8.894469877311848904e+01
9.024116462186412946e+01
9.059274858084600623e+01
9.107617652444606904e+01
9.195513642190074677e+01
9.239461637062808563e+01
9.303186229628273907e+01
9.322962827321003942e+01
9.342739425013733978e+01
9.351529023988281608e+01
9.351529023988281608e+01
9.353726423731917805e+01
9.353726423731917805e+01
9.353726423731917805e+01
9.353726423731917805e+01
9.351529023988281608e+01
9.351529023988281608e+01
9.349331624244643990e+01
9.342739425013733978e+01
9.338344625526460163e+01
9.329555026551913954e+01
9.322962827321003942e+01
9.318568027833730127e+01
9.316370628090093930e+01
9.309778428859183919e+01
9.283409631935542450e+01
9.257040835011902402e+01
9.224079838857352343e+01
9.180131843984618456e+01
9.127394250137338361e+01
9.090038454495513065e+01
9.043893059879144403e+01
9.002142464750045292e+01
8.951602270646401394e+01
8.898864676799121298e+01
8.848324482695477400e+01
8.753836293719099615e+01
8.690111701153634272e+01
8.589031312946346475e+01
8.531898919611792564e+01
8.476963926020874851e+01
8.437410730635414779e+01
8.384673136788134684e+01
8.292382347555393096e+01
8.180314960629921472e+01
8.072642373191723664e+01
7.984746383446255891e+01
7.872678996520784267e+01
7.780388207288042679e+01
7.677110419337117264e+01
7.569437831898919455e+01
7.457370444973449253e+01
7.356290056766161456e+01
7.253012268815234620e+01
7.123365683940670579e+01
7.048654092657022829e+01
6.899230910089727331e+01
6.813532320087895755e+01
6.747610327778795636e+01
6.683885735213331714e+01
6.683885735213331714e+01
6.426789965207836985e+01
6.396026368796923833e+01
6.363065372642373063e+01
6.319117377769639177e+01
6.233418787767808311e+01
6.127943600073246699e+01
6.011481413660501971e+01
5.879637429042300312e+01
5.732411646218641010e+01
5.607159860831349363e+01
5.486302874931331530e+01
5.383025086980406115e+01
5.262168101080388283e+01
5.141311115180369740e+01
4.980900933894891125e+01
4.846859549533052558e+01
4.772147958249404809e+01
4.677659769273027024e+01
4.545815784654824654e+01
4.413971800036622994e+01
4.323878410547519024e+01
4.251364219007507472e+01
4.137099432338399652e+01
3.972294451565647222e+01
3.827266068485625539e+01
3.770133675151070918e+01
3.710803882072880810e+01
3.649276689251053085e+01
3.530617103094671450e+01
3.330653726423732053e+01
3.150466947445522692e+01
3.126295550265519196e+01
3.126295550265519196e+01
3.126295550265519196e+01
3.106518952572788805e+01
3.058176158212781459e+01
3.023017762314594492e+01
3.018622962827321032e+01
3.020820362570957585e+01
3.020820362570957585e+01
3.029609961545504504e+01
3.042794360007324528e+01
3.047189159494597988e+01
3.049386559238234895e+01
3.049386559238234895e+01
3.049386559238234895e+01
3.049386559238234895e+01
3.049386559238234895e+01
3.049386559238234895e+01
3.049386559238234895e+01
3.049386559238234895e+01
3.049386559238234895e+01
3.049386559238234895e+01
3.049386559238234895e+01
3.049386559238234895e+01
3.049386559238234895e+01
3.049386559238234895e+01
3.064768357443691826e+01
3.115308551547335725e+01
3.185625343343710014e+01
3.262534334370994316e+01
3.339443325398278972e+01
3.403167917963742894e+01
3.458102911554660608e+01
3.515235304889214518e+01
3.576762497711041533e+01
3.618513092840139223e+01
3.638289690532869258e+01
3.671250686687420028e+01
3.748159677714704685e+01
3.871214063358359425e+01
4.000860648232924177e+01
4.128309833363852732e+01
4.222798022340230517e+01
4.308496612342061383e+01
4.365629005676616003e+01
4.402984801318439878e+01
4.455722395165720684e+01
4.554605383629372284e+01
4.704028566196667072e+01
4.930360739791247227e+01
5.073191723127632713e+01
5.132521516205822820e+01
5.163285112616736683e+01
5.189653909540376731e+01
5.209430507233107477e+01
5.255575901849478271e+01
5.415986083134956885e+01
5.565409265702252384e+01
5.670884453396813285e+01
5.804925837758652563e+01
5.958743819813221165e+01
6.073008606482328986e+01
6.220234389305987577e+01
6.332301776231459201e+01
6.457553561618750848e+01
6.624555942135140185e+01
6.708057132393334143e+01
6.793755722395165719e+01
6.853085515473355827e+01
6.925599707013367379e+01
7.090404687786119098e+01
7.215656473173412166e+01
7.356290056766161456e+01
7.470554843435269277e+01
7.604596227797105712e+01
7.754019410364401210e+01
7.868284197033510452e+01
8.006720380882623544e+01
8.103405969602637526e+01
8.200091558322651508e+01
8.325343343709943156e+01
8.430818531404504768e+01
8.536293719099066379e+01
8.591228712689984093e+01
8.690111701153634272e+01
8.769218091924555836e+01
8.821955685771837352e+01
8.883482878593665077e+01
8.940615271928217567e+01
9.043893059879144403e+01
9.083446255264604474e+01
9.144973448086430778e+01
9.219685039370078528e+01
9.250448635780992390e+01
9.298791430141000092e+01
9.329555026551913954e+01
9.336147225782823966e+01
9.338344625526460163e+01
9.338344625526460163e+01
9.338344625526460163e+01
9.338344625526460163e+01
9.338344625526460163e+01
9.338344625526460163e+01
9.338344625526460163e+01
9.338344625526460163e+01
9.338344625526460163e+01
9.336147225782823966e+01
9.331752426295550151e+01
9.327357626808276336e+01
9.318568027833730127e+01
9.311975828602820116e+01
9.305383629371910104e+01
9.296594030397362474e+01
9.274620032960996241e+01
9.228474638344626158e+01
9.202105841420986110e+01
9.166947445522798432e+01
9.120802050906426928e+01
9.096630653726424498e+01
9.041695660135505364e+01
9.004339864493682910e+01
8.958194469877311406e+01
8.912049075260941322e+01
8.861508881157297424e+01
8.767020692180919639e+01
8.687914301409998075e+01
8.637374107306354176e+01
8.556070316791797836e+01
8.468174327046328642e+01
8.389067936275407078e+01
8.307764145760849317e+01
8.226460355246291556e+01
8.114392968320819932e+01
8.041878776780809801e+01
7.986943783189892088e+01
7.921021790880791968e+01
7.852902398828054231e+01
7.778190807544406482e+01
7.677110419337117264e+01
7.576030031129829467e+01
7.441988646767990190e+01
7.336513459073429999e+01
7.226643471891594572e+01
7.103589086247939122e+01
6.998113898553378931e+01
6.892638710858817319e+01
6.791558322651528101e+01
6.648727339315144036e+01
6.545449551364218621e+01
6.468540560336934675e+01
6.407013367515106950e+01
6.376249771104193087e+01
6.283958981871452210e+01
6.167496795458707481e+01
6.075206006225965893e+01
5.949954220838674246e+01
5.853268632118659553e+01
5.725819446987730998e+01
5.556619666727705464e+01
5.442354880058597644e+01
5.336879692364036032e+01
5.220417505951290593e+01
5.086376121589452737e+01
4.928163340047610319e+01
4.818293352865775603e+01
4.734792162607580934e+01
4.640303973631203149e+01
4.539223585423914642e+01
4.444735396447536857e+01
4.328273210034792129e+01
4.207416224134773586e+01
4.099743636696575777e+01
3.978886650796557234e+01
3.842647866691082470e+01
3.767936275407434721e+01
3.684435085149240052e+01
3.614118293352865408e+01
3.488866507965573760e+01
3.302087529756455098e+01
3.174638344625526543e+01
3.159256546420069611e+01
3.159256546420069611e+01
3.159256546420069611e+01
3.121900750778245737e+01
3.064768357443691826e+01
3.051583958981871447e+01
3.051583958981871447e+01
3.051583958981871447e+01
3.051583958981871447e+01
3.051583958981871447e+01
3.051583958981871447e+01
3.051583958981871447e+01
3.051583958981871447e+01
3.051583958981871447e+01
3.051583958981871447e+01
3.051583958981871447e+01
3.051583958981871447e+01
3.051583958981871447e+01
3.051583958981871447e+01
3.051583958981871447e+01
3.051583958981871447e+01
3.051583958981871447e+01
3.051583958981871447e+01
3.051583958981871447e+01
3.051583958981871447e+01
3.051583958981871447e+01
3.051583958981871447e+01
3.073557956418238390e+01
3.143874748214612680e+01
3.222981138985533534e+01
3.341640725141915169e+01
3.438326313861929862e+01
3.488866507965573760e+01
3.545998901300128381e+01
3.592144295916499175e+01
3.627302691814686142e+01
3.649276689251053085e+01
3.671250686687420028e+01
3.781120673869254745e+01
3.893188060794726368e+01
4.042611243362021867e+01
4.172257828236586619e+01
4.246969419520234368e+01
4.266746017212964404e+01
4.273338216443875126e+01
4.343655008240249060e+01
4.446932796191173765e+01
4.598553378502106170e+01
4.774345357993041716e+01
4.864438747482145686e+01
4.967716535433071101e+01
5.033638527742171220e+01
5.081981322102178922e+01
5.141311115180369740e+01
5.222614905694927501e+01
5.389617286211316127e+01
5.510474272111335381e+01
5.602765061344076258e+01
5.710437648782274778e+01
5.800531038271378748e+01
5.945559421351401141e+01
6.123548800585972884e+01
6.246603186229628335e+01
6.363065372642373063e+01
6.442171763413293206e+01
6.567423548800586275e+01
6.723438930598791785e+01
6.835506317524263409e+01
6.897033510346091134e+01
6.987126899835195104e+01
7.136550082402490602e+01
7.279381065738874668e+01
7.415619849844350142e+01
7.529884636513457963e+01
7.635359824208020996e+01
7.736440212415308793e+01
7.916626991393516732e+01
8.039681377037172183e+01
8.129774766526277574e+01
8.250631752426295407e+01
8.345119941402674613e+01
8.452792528840871000e+01
8.553872917048158797e+01
8.611005310382714129e+01
8.703296099615454295e+01
8.784599890130013478e+01
8.815363486540927340e+01
8.885680278337301274e+01
8.945010071415491382e+01
9.026313861930049143e+01
9.096630653726424498e+01
9.166947445522798432e+01
9.215290239882806134e+01
9.241659036806446181e+01
9.305383629371910104e+01
9.331752426295550151e+01
9.338344625526460163e+01
9.342739425013733978e+01
9.342739425013733978e+01
9.344936824757370175e+01
9.344936824757370175e+01
9.344936824757370175e+01
9.344936824757370175e+01
9.344936824757370175e+01
9.342739425013733978e+01
9.340542025270096360e+01
9.333949826039187769e+01
9.325160227064640139e+01
9.316370628090093930e+01
9.305383629371910104e+01
9.296594030397362474e+01
9.296594030397362474e+01
9.290001831166453883e+01
9.274620032960996241e+01
9.237264237319172366e+01
9.180131843984618456e+01
9.155960446804614605e+01
9.116407251419154534e+01
9.087841054751876868e+01
9.041695660135505364e+01
8.982365867057316677e+01
8.934023072697308976e+01
8.872495879875481251e+01
8.810968687053653525e+01
8.745046694744553406e+01
8.657150704999085633e+01
8.604413111151804117e+01
8.538491118842702576e+01
8.428621131660868571e+01
8.338527742171763180e+01
8.248434352682659210e+01
8.206683757553561520e+01
8.184709760117195287e+01
8.125379967039003759e+01
8.039681377037172183e+01
7.951785387291704410e+01
7.828731001648048959e+01
7.707874015748032548e+01
7.602398828053469515e+01
7.488134041384361694e+01
7.393645852407983909e+01
7.296960263687969928e+01
7.209064273942502155e+01
7.101391686504302925e+01
6.951968503937007426e+01
6.839901117011535803e+01
6.708057132393334143e+01
6.624555942135140185e+01
6.525672953671488585e+01
6.400421168284196938e+01
6.352078373924189947e+01
6.336696575718733015e+01
6.297143380333272233e+01
6.171891594945980586e+01
6.097180003662332837e+01
5.965336019044131177e+01
5.829097234938655703e+01
5.675279252884087100e+01
5.558817066471342372e+01
5.473118476469511506e+01
5.352261490569492253e+01
5.205035707745834372e+01
5.084178721845815829e+01
4.963321735945797286e+01
4.864438747482145686e+01
4.783134956967587925e+01
4.653488372093023173e+01
4.537026185680278445e+01
4.429353598242080636e+01
4.334865409265702141e+01
4.233785021058414344e+01
4.121717634132942720e+01
4.038216443874748052e+01
3.928346456692913335e+01
3.800897271561984780e+01
3.644881889763779270e+01
3.570170298480131521e+01
3.528419703351034542e+01
3.436128914118293665e+01
3.251547335652810489e+01
3.099926753341878793e+01
3.082347555392785310e+01
3.082347555392785310e+01
3.080150155649148402e+01
3.060373557956418367e+01
3.016425563083684125e+01
2.981267167185497158e+01
2.981267167185497158e+01
2.983464566929133710e+01
2.983464566929133710e+01
2.981267167185497158e+01
2.983464566929133710e+01
2.987859366416407170e+01
3.005438564365501009e+01
3.009833363852774113e+01
3.009833363852774113e+01
3.009833363852774113e+01
3.020820362570957585e+01
3.053781358725507999e+01
3.093334554110968782e+01
3.106518952572788805e+01
3.108716352316425713e+01
3.108716352316425713e+01
3.110913752060062265e+01
3.113111151803698817e+01
3.121900750778245737e+01
3.126295550265519196e+01
3.132887749496429208e+01
3.152664347189159599e+01
3.207599340780076602e+01
3.277916132576451247e+01
3.359219923091009008e+01
3.458102911554660608e+01
3.561380699505585312e+01
3.651474088994689282e+01
3.693224684123786972e+01
3.704211682841970088e+01
3.723988280534700834e+01
3.774528474638344733e+01
3.864621864127449413e+01
3.983281450283830338e+01
4.134902032594762744e+01
4.257956418238417484e+01
4.297509613623878266e+01
4.334865409265702141e+01
4.387603003112982947e+01
4.482091192089360732e+01
4.598553378502106170e+01
4.752371360556674063e+01
4.923768540560337215e+01
4.989690532869437334e+01
5.064402124153085083e+01
5.139113715436732832e+01
5.158890313129463578e+01
5.224812305438564408e+01
5.380827687236769918e+01
5.534645669291338521e+01
5.642318256729537040e+01
5.730214246475004813e+01
5.848873832631386449e+01
5.987310016480498120e+01
6.121351400842336687e+01
6.266379783922358371e+01
6.360867972898736156e+01
6.455356161875114651e+01
6.600384544955136334e+01
6.773979124702435684e+01
6.857480314960629642e+01
6.954165903680643623e+01
7.042061893426111396e+01
7.158524079838858256e+01
7.301355063175242321e+01
7.433199047793445402e+01
7.558450833180737050e+01
7.716663614722578757e+01
7.817744002929866554e+01
7.960574986266252040e+01
8.077037172678996058e+01
8.184709760117195287e+01
8.309961545504486935e+01
8.373686138069950857e+01
8.448397729353598606e+01
8.567057315509978821e+01
8.654953305255446594e+01
8.725270097051821949e+01
8.819758286028201155e+01
8.828547885002747364e+01
8.918641274491851334e+01
8.971378868339132850e+01
9.048287859366416797e+01
9.114209851675518337e+01
9.180131843984618456e+01
9.235066837575536169e+01
9.283409631935542450e+01
9.314173228346456312e+01
9.329555026551913954e+01
9.338344625526460163e+01
9.340542025270096360e+01
9.340542025270096360e+01
9.340542025270096360e+01
9.340542025270096360e+01
9.340542025270096360e+01
9.340542025270096360e+01
9.340542025270096360e+01
9.340542025270096360e+01
9.338344625526460163e+01
9.333949826039187769e+01
9.325160227064640139e+01
9.311975828602820116e+01
9.303186229628273907e+01
9.287804431422816265e+01
9.285607031679180068e+01
9.285607031679180068e+01
9.252646035524628587e+01
9.206500640908258504e+01
9.173539644753708444e+01
9.138381248855520766e+01
9.103222852957333089e+01
9.065867057315510635e+01
9.026313861930049143e+01
8.969181468595496654e+01
8.914246475004577519e+01
8.870298480131843633e+01
8.802179088079105895e+01
8.734059696026369579e+01
8.659348104742721830e+01
8.569254715253617860e+01
8.512122321919062529e+01
8.448397729353598606e+01
8.382475737044497066e+01
8.325343343709943156e+01
8.228657754989927753e+01
8.120985167551731365e+01
8.033089177806263592e+01
7.947390587804432016e+01
7.881468595495330476e+01
7.813349203442592739e+01
7.727650613440761163e+01
7.644149423182567205e+01
7.543069034975279408e+01
7.411225050357077748e+01
7.314539461637062345e+01
7.235433070866142202e+01
7.105786485991576740e+01
7.028877494964291373e+01
6.910217908807911158e+01
6.778373924189708077e+01
6.675096136238784084e+01
6.576213147775132484e+01
6.483922358542392317e+01
6.389434169566013821e+01
6.292748580845999129e+01
6.158707196484160562e+01
6.064219007507782067e+01
5.960941219556857362e+01
5.826899835195018795e+01
5.662094854422267076e+01
5.550027467496795452e+01
5.446749679545870748e+01
5.350064090825856056e+01
5.216022706464017489e+01
5.092968320820362749e+01
4.941347738509430343e+01
4.822688152353048707e+01
4.739186962094854039e+01
4.664475370811206290e+01
4.563394982603918493e+01
4.444735396447536857e+01
4.363431605932979096e+01
4.249166819263871275e+01
4.095348837209301962e+01
3.978886650796557234e+01
3.869016663614722518e+01
3.778923274125617837e+01
3.675645486174693133e+01
3.592144295916499175e+01
3.482274308734663748e+01
3.306482329243728202e+01
3.179033144112799647e+01
3.132887749496429208e+01
3.119703351034608829e+01
3.119703351034608829e+01
3.117505951290972277e+01
3.062570957700054919e+01
3.020820362570957585e+01
3.009833363852774113e+01
3.012030763596411020e+01
3.012030763596411020e+01
3.012030763596411020e+01
3.012030763596411020e+01
3.012030763596411020e+01
3.012030763596411020e+01
3.012030763596411020e+01
3.012030763596411020e+01
3.016425563083684125e+01
3.038399560520051068e+01
3.051583958981871447e+01
3.062570957700054919e+01
3.077952755905511850e+01
3.082347555392785310e+01
3.082347555392785310e+01
3.084544955136421862e+01
3.088939754623695322e+01
3.091137154367331874e+01
3.091137154367331874e+01
3.106518952572788805e+01
3.143874748214612680e+01
3.187822743087346566e+01
3.231770737960080453e+01
3.273521333089178142e+01
3.330653726423732053e+01
3.387786119758285963e+01
3.453708112067386793e+01
3.541604101812854566e+01
3.622907892327412327e+01
3.680040285661966948e+01
3.710803882072880810e+01
3.741567478483793963e+01
3.811884270280168607e+01
3.906372459256546392e+01
4.044808643105658064e+01
4.196429225416590469e+01
4.282127815418421335e+01
4.319483611060245210e+01
4.328273210034792129e+01
4.383208203625709132e+01
4.464511994140266893e+01
4.598553378502106170e+01
4.789727156198497937e+01
4.882017945431239525e+01
4.954532136971251077e+01
5.035835927485808838e+01
5.110547518769456588e+01
5.167679912104010498e+01
5.303918696209485262e+01
5.453341878776780760e+01
5.569804065189525488e+01
5.697253250320454043e+01
5.774162241347738700e+01
5.901611426478666544e+01
6.048837209302325846e+01
6.207049990844167553e+01
6.308130379051456060e+01
6.409210767258744568e+01
6.536659952389672412e+01
6.642135140084232603e+01
6.793755722395165719e+01
6.901428309833363528e+01
7.015693096502471349e+01
7.143142281633400614e+01
7.285973264969786101e+01
7.424409448818897772e+01
7.534279436000733199e+01
7.672715619849844870e+01
7.793572605749862703e+01
7.907837392418970524e+01
8.050668375755356010e+01
8.131972166269913771e+01
8.233052554477201568e+01
8.347317341146310810e+01
8.417634132942684744e+01
8.536293719099066379e+01
8.624189708844534152e+01
8.685716901666361878e+01
8.784599890130013478e+01
8.808771287310017328e+01
8.883482878593665077e+01
8.953799670390037591e+01
9.008734663980956725e+01
9.098828053470060695e+01
9.131789049624610755e+01
9.175737044497344641e+01
9.250448635780992390e+01
9.294396630653726277e+01
9.318568027833730127e+01
9.331752426295550151e+01
9.336147225782823966e+01
9.336147225782823966e+01
9.338344625526460163e+01
9.338344625526460163e+01
9.338344625526460163e+01
9.336147225782823966e+01
9.336147225782823966e+01
9.336147225782823966e+01
9.336147225782823966e+01
9.333949826039187769e+01
9.333949826039187769e+01
9.329555026551913954e+01
9.318568027833730127e+01
9.300988829884636289e+01
9.281212232191906253e+01
9.272422633217360044e+01
9.268027833730086229e+01
9.241659036806446181e+01
9.197711041933712295e+01
9.155960446804614605e+01
9.125196850393700743e+01
9.085643655008240671e+01
9.054880058597325387e+01
9.013129463468229119e+01
8.951602270646401394e+01
8.896667277055485101e+01
8.815363486540927340e+01
8.762625892693645824e+01
8.694506500640908087e+01
8.648361106024538003e+01
8.562662516022706427e+01
8.481358725508150087e+01
8.419831532686322362e+01
8.371488738326314660e+01
8.303369346273575502e+01
8.217670756271745347e+01
8.123182567295367562e+01
8.035286577549899789e+01
7.940798388573522004e+01
7.855099798571690428e+01
7.782585607031680297e+01
7.694689617286212524e+01
7.571635231642557073e+01
7.490331441127997891e+01
7.398040651895257724e+01
7.290368064457059916e+01
7.191485075993406895e+01
7.068430690349752865e+01
6.987126899835195104e+01
6.916810108038819749e+01
6.793755722395165719e+01
6.648727339315144036e+01
6.541054751876944806e+01
6.431184764695110800e+01
6.312525178538729165e+01
6.204852591100530645e+01
6.099377403405969744e+01
5.978520417505951201e+01
5.888427028016846521e+01
5.776359641091374897e+01
5.629133858267717017e+01
5.534645669291338521e+01
5.453341878776780760e+01
5.277549899285845214e+01
5.154495513642190474e+01
5.029243728254898826e+01
4.912781541842153388e+01
4.820490752609411800e+01
4.721607764145760910e+01
4.596355978758469263e+01
4.515052188243911502e+01
4.416169199780259902e+01
4.297509613623878266e+01
4.196429225416590469e+01
4.068980040285661914e+01
3.987676249771104153e+01
3.888793261307452553e+01
3.721790880791063927e+01
3.585552096685588452e+01
3.541604101812854566e+01
3.486669108221937563e+01
3.328456326680095145e+01
3.163651345907343071e+01
3.128492950009155749e+01
3.128492950009155749e+01
3.128492950009155749e+01
3.108716352316425713e+01
3.058176158212781459e+01
3.025215162058231044e+01
3.023017762314594492e+01
3.025215162058231044e+01
3.023017762314594492e+01
3.025215162058231044e+01
3.029609961545504504e+01
3.040596960263687976e+01
3.047189159494597988e+01
3.047189159494597988e+01
3.049386559238234895e+01
3.047189159494597988e+01
3.047189159494597988e+01
3.049386559238234895e+01
3.049386559238234895e+01
3.049386559238234895e+01
3.049386559238234895e+01
3.047189159494597988e+01
3.049386559238234895e+01
3.049386559238234895e+01
3.049386559238234895e+01
3.049386559238234895e+01
3.049386559238234895e+01
3.080150155649148402e+01
3.163651345907343071e+01
3.258139534883721211e+01
3.350430324116462089e+01
3.409760117194652906e+01
3.451510712323749885e+01
3.480076908991027551e+01
3.510840505401941414e+01
3.572367698223768429e+01
3.649276689251053085e+01
3.730580479765610846e+01
3.794305072331074768e+01
3.840450466947445562e+01
3.890990661051089461e+01
4.000860648232924177e+01
4.132704632851125837e+01
4.244772019776597460e+01
4.297509613623878266e+01
4.356839406702069084e+01
4.431550997985716833e+01
4.530433986449368433e+01
4.653488372093023173e+01
4.776542757736677913e+01
4.908386742354879573e+01
4.965519135689434194e+01
5.044625526460355047e+01
5.136916315693096635e+01
5.220417505951290593e+01
5.367643288774949895e+01
5.492895074162241542e+01
5.609357260574986270e+01
5.699450650064090951e+01
5.791741439296832539e+01
5.936769822376854222e+01
6.026863211865958903e+01
6.204852591100530645e+01
6.371854971616919983e+01
6.468540560336934675e+01
6.604779344442408728e+01
6.670701336751511690e+01
6.800347921626075731e+01
6.984929500091558907e+01
7.116773484709759146e+01
7.239827870353414596e+01
7.332118659586156184e+01
7.479344442409815485e+01
7.613385826771653342e+01
7.747427211133492619e+01
7.870481596777148070e+01
7.947390587804432016e+01
8.059457974729903640e+01
8.197894158579015311e+01
8.294579747299029293e+01
8.369291338582677042e+01
8.465976927302691024e+01
8.562662516022706427e+01
8.643966306537265609e+01
8.740651895257279591e+01
8.804376487822742092e+01
8.813166086797289722e+01
8.826350485259109746e+01
8.975773667826405244e+01
9.052682658853689190e+01
9.081248855520966856e+01
9.171342245010072247e+01
9.217487639626442331e+01
9.250448635780992390e+01
9.307581029115547722e+01
9.329555026551913954e+01
9.338344625526460163e+01
9.342739425013733978e+01
9.342739425013733978e+01
9.344936824757370175e+01
9.344936824757370175e+01
9.344936824757370175e+01
9.344936824757370175e+01
9.344936824757370175e+01
9.340542025270096360e+01
9.338344625526460163e+01
9.333949826039187769e+01
9.329555026551913954e+01
9.320765427577367745e+01
9.303186229628273907e+01
9.292199230910090080e+01
9.270225233473722426e+01
9.263633034242812414e+01
9.248251236037356193e+01
9.224079838857352343e+01
9.175737044497344641e+01
9.136183849111884570e+01
9.094433253982786880e+01
9.043893059879144403e+01
9.004339864493682910e+01
8.960391869620949024e+01
8.883482878593665077e+01
8.830745284746383561e+01
8.771415491668193454e+01
8.712085698590001925e+01
8.663742904229994224e+01
8.562662516022706427e+01
8.472569126533602457e+01
8.400054934993590905e+01
8.367093938839040845e+01
8.353909540377220821e+01
8.255026551913569222e+01
8.149551364219007610e+01
8.055063175242629825e+01
7.956180186778978225e+01
7.868284197033510452e+01
7.773796008057132667e+01
7.707874015748032548e+01
7.615583226515290960e+01
7.518897637795276978e+01
7.441988646767990190e+01
7.349697857535250023e+01
7.204669474455226919e+01
7.101391686504302925e+01
7.009100897271562758e+01
6.923402307269731182e+01
6.853085515473355827e+01
6.727833730086064179e+01
6.626753341878776382e+01
6.494909357260574723e+01
6.369657571873283075e+01
6.294945980589635326e+01
6.213642190075077565e+01
6.101574803149605941e+01
5.982915216993224305e+01
5.888427028016846521e+01
5.714832448269547172e+01
5.585185863394982420e+01
5.503882072880424658e+01
5.383025086980406115e+01
5.275352499542208307e+01
5.167679912104010498e+01
5.009467130562168080e+01
4.893004944149423352e+01
4.789727156198497937e+01
4.673264969785753919e+01
4.594158579014832355e+01
4.519446987731184606e+01
4.391997802600256762e+01
4.268943416956601311e+01
4.141494231825672756e+01
4.016242446438381108e+01
3.937136055667460255e+01
3.840450466947445562e+01
3.750357077458340882e+01
3.614118293352865408e+01
3.543801501556491473e+01
3.460300311298296805e+01
3.297692730269181283e+01
3.130690349752792656e+01
3.095531953854605334e+01
3.082347555392785310e+01
3.082347555392785310e+01
3.077952755905511850e+01
3.044991759750961435e+01
3.003241164621864101e+01
2.979069767441860606e+01
2.979069767441860606e+01
2.979069767441860606e+01
2.979069767441860606e+01
2.979069767441860606e+01
2.981267167185497158e+01
2.983464566929133710e+01
3.001043764878227549e+01
3.025215162058231044e+01
3.047189159494597988e+01
3.051583958981871447e+01
3.055978758469144907e+01
3.064768357443691826e+01
3.064768357443691826e+01
3.064768357443691826e+01
3.064768357443691826e+01
3.064768357443691826e+01
3.064768357443691826e+01
3.064768357443691826e+01
3.069163156930964931e+01
3.110913752060062265e+01
3.172440944881889635e+01
3.238362937190990465e+01
3.295495330525544375e+01
3.341640725141915169e+01
3.359219923091009008e+01
3.392180919245559778e+01
3.455905511811023700e+01
3.548196301043765288e+01
3.671250686687420028e+01
3.723988280534700834e+01
3.737172678996520858e+01
3.756949276689250894e+01
3.822871268998351724e+01
3.893188060794726368e+01
4.049203442592931879e+01
4.172257828236586619e+01
4.249166819263871275e+01
4.295312213880241359e+01
4.359036806445705992e+01
4.444735396447536857e+01
4.552407983885734666e+01
4.679857169016663931e+01
4.798516755173045567e+01
4.917176341329427203e+01
5.007269730818531173e+01
5.090770921076725841e+01
5.187456509796740534e+01
5.257773301593114468e+01
5.396209485442226139e+01
5.530250869804065417e+01
5.604962461087713166e+01
5.708240249038637160e+01
5.862058231093206473e+01
5.963138619300494270e+01
6.103772202893242849e+01
6.261984984435085266e+01
6.378447170847829994e+01
6.538857352133308609e+01
6.681688335469694096e+01
6.831111518036989594e+01
6.923402307269731182e+01
7.048654092657022829e+01
7.211261673686138352e+01
7.325526460355246172e+01
7.474949642922541670e+01
7.580424830617103282e+01
7.690294817798938709e+01
7.815546603186228936e+01
7.916626991393516732e+01
8.017707379600805950e+01
8.160538362937191437e+01
8.237447353964475383e+01
8.325343343709943156e+01
8.435213330891778583e+01
8.492345724226331072e+01
8.611005310382714129e+01
8.663742904229994224e+01
8.723072697308185752e+01
8.813166086797289722e+01
8.865903680644569818e+01
8.916443874748215137e+01
8.993352865775499083e+01
9.046090459622780600e+01
9.116407251419154534e+01
9.173539644753708444e+01
9.219685039370078528e+01
9.279014832448270056e+01
9.316370628090093930e+01
9.327357626808276336e+01
9.340542025270096360e+01
9.342739425013733978e+01
9.344936824757370175e+01
9.344936824757370175e+01
9.344936824757370175e+01
9.344936824757370175e+01
9.344936824757370175e+01
9.340542025270096360e+01
9.340542025270096360e+01
9.333949826039187769e+01
9.329555026551913954e+01
9.322962827321003942e+01
9.314173228346456312e+01
9.298791430141000092e+01
9.285607031679180068e+01
9.259238234755540020e+01
9.243856436550082378e+01
9.221882439113714724e+01
9.195513642190074677e+01
9.142776048342794581e+01
9.103222852957333089e+01
9.061472257828236820e+01
8.995550265519136701e+01
8.960391869620949024e+01
8.914246475004577519e+01
8.839534883720929770e+01
8.782402490386375860e+01
8.714283098333638122e+01
8.670335103460905657e+01
8.602215711408166499e+01
8.516517121406336344e+01
8.422028932429958559e+01
8.353909540377220821e+01
8.312158945248123132e+01
8.277000549349935454e+01
8.200091558322651508e+01
8.116590368064457550e+01
8.017707379600805950e+01
7.921021790880791968e+01
7.817744002929866554e+01
7.725453213697124966e+01
7.624372825489837169e+01
7.540871635231643211e+01
7.437593847280717796e+01
7.351895257278886220e+01
7.274986266251602274e+01
7.171708478300678280e+01
7.066233290606115247e+01
6.987126899835195104e+01
6.890441311115179701e+01
6.760794726240615660e+01
6.675096136238784084e+01
6.589397546236952508e+01
6.472935359824208490e+01
6.327906976744186096e+01
6.233418787767808311e+01
6.132338399560519804e+01
6.044442409815052031e+01
5.936769822376854222e+01
5.763175242629554873e+01
5.659897454678630169e+01
5.554422266984069267e+01
5.440157480314960736e+01
5.319300494414942193e+01
5.178666910822193614e+01
5.095165720563998946e+01
4.972111334920344206e+01
4.813898553378501788e+01
4.710620765427577794e+01
4.624922175425746218e+01
4.537026185680278445e+01
4.427156198498443018e+01
4.299707013367515174e+01
4.209613623878410493e+01
4.117322834645669616e+01
4.007452847463834189e+01
3.886595861563816356e+01
3.767936275407434721e+01
3.629500091558323049e+01
3.570170298480131521e+01
3.526222303607397635e+01
3.394378318989195975e+01
3.227375938472807348e+01
3.102124153085515346e+01
3.086742354880058770e+01
3.075755356161874943e+01
3.073557956418238390e+01
3.062570957700054919e+01
3.031807361289141056e+01
2.992254165903680629e+01
2.970280168467313686e+01
2.972477568210950238e+01
2.972477568210950238e+01
2.972477568210950238e+01
2.972477568210950238e+01
2.974674967954587146e+01
2.979069767441860606e+01
3.003241164621864101e+01
3.034004761032777964e+01
3.049386559238234895e+01
3.058176158212781459e+01
3.060373557956418367e+01
3.062570957700054919e+01
3.062570957700054919e+01
3.062570957700054919e+01
3.062570957700054919e+01
3.062570957700054919e+01
3.062570957700054919e+01
3.062570957700054919e+01
3.062570957700054919e+01
3.077952755905511850e+01
3.148269547701886140e+01
3.225178538729170441e+01
3.306482329243728202e+01
3.368009522065555927e+01
3.420747115912836733e+01
3.458102911554660608e+01
3.488866507965573760e+01
3.548196301043765288e+01
3.605328694378319199e+01
3.664658487456510017e+01
3.732777879509247043e+01
3.803094671305621688e+01
3.875608862845632530e+01
3.978886650796557234e+01
4.097546236952938870e+01
4.198626625160227377e+01
4.264548617469327496e+01
4.319483611060245210e+01
4.383208203625709132e+01
4.495275590551180755e+01
4.633711774400293137e+01
4.736989562351217842e+01
4.827082951840321812e+01
4.893004944149423352e+01
4.987493133125801137e+01
5.163285112616736683e+01
5.332484892876762217e+01
5.466526277238600784e+01
5.572001464933162396e+01
5.644515656473173237e+01
5.767570042116828688e+01
5.912598425196850371e+01
6.037850210584142019e+01
6.207049990844167553e+01
6.312525178538729165e+01
6.459750961362388466e+01
6.600384544955136334e+01
6.723438930598791785e+01
6.875059512909723480e+01
6.973942501373375080e+01
7.101391686504302925e+01
7.233235671122506005e+01
7.327723860098882369e+01
7.455173045229811635e+01
7.589214429591649491e+01
7.703479216260758733e+01
7.819941402673502751e+01
7.910034792162608142e+01
8.019904779344443568e+01
8.127577366782639956e+01
8.217670756271745347e+01
8.320948544222670762e+01
8.424226332173594756e+01
8.468174327046328642e+01
8.551675517304522600e+01
8.641768906793626570e+01
8.698901300128181902e+01
8.791192089360922068e+01
8.824153085515473549e+01
8.876890679362753644e+01
8.949404870902765197e+01
9.013129463468229119e+01
9.101025453213696892e+01
9.133986449368246952e+01
9.184526643471892271e+01
9.246053836293719996e+01
9.248251236037356193e+01
9.316370628090093930e+01
9.338344625526460163e+01
9.344936824757370175e+01
9.347134224501007793e+01
9.347134224501007793e+01
9.349331624244643990e+01
9.349331624244643990e+01
9.349331624244643990e+01
9.347134224501007793e+01
9.342739425013733978e+01
9.336147225782823966e+01
9.331752426295550151e+01
9.325160227064640139e+01
9.316370628090093930e+01
9.305383629371910104e+01
9.292199230910090080e+01
9.276817432704633859e+01
9.252646035524628587e+01
9.224079838857352343e+01
9.197711041933712295e+01
9.171342245010072247e+01
9.120802050906426928e+01
9.083446255264604474e+01
9.035103460904596773e+01
8.975773667826405244e+01
8.927430873466397543e+01
8.879088079106389841e+01
8.810968687053653525e+01
8.745046694744553406e+01
8.690111701153634272e+01
8.630781908075444164e+01
8.551675517304522600e+01
8.476963926020874851e+01
8.395660135506317090e+01
8.362699139351767030e+01
8.358304339864494636e+01
8.270408350119026863e+01
8.182512360373559090e+01
8.063852774217176034e+01
7.962772386009888237e+01
7.879271195751694279e+01
7.789177806262588888e+01
7.716663614722578757e+01
7.622175425746200972e+01
7.503515839589817915e+01
7.415619849844350142e+01
7.312342061893426148e+01
7.237630470609778399e+01
7.147537081120674429e+01
7.037667093938839002e+01
6.956363303424281241e+01
6.870664713422451086e+01
6.716846731367880352e+01
6.631148141366050197e+01
6.527870353415124782e+01
6.382841970335103099e+01
6.286156381615089117e+01
6.171891594945980586e+01
6.046639809558688938e+01
5.925782823658670395e+01
5.780754440578648712e+01
5.659897454678630169e+01
5.561014466214979279e+01
5.451144479033143853e+01
5.328090093389489112e+01
5.209430507233107477e+01
5.123731917231276611e+01
5.020454129280351196e+01
4.882017945431239525e+01
4.765555759018494797e+01
4.653488372093023173e+01
4.550210584142098469e+01
4.479893792345724535e+01
4.383208203625709132e+01
4.262351217725691299e+01
4.112928035158395801e+01
4.022834645669291120e+01
3.961307452847464106e+01
3.869016663614722518e+01
3.726185680278337031e+01
3.592144295916499175e+01
3.521827504120124530e+01
3.484471708478300656e+01
3.372404321552829032e+01
3.225178538729170441e+01
3.108716352316425713e+01
3.086742354880058770e+01
3.077952755905511850e+01
3.075755356161874943e+01
3.069163156930964931e+01
3.029609961545504504e+01
2.981267167185497158e+01
2.974674967954587146e+01
2.974674967954587146e+01
2.976872367698223698e+01
2.976872367698223698e+01
2.974674967954587146e+01
2.976872367698223698e+01
2.976872367698223698e+01
2.990056766160044077e+01
3.005438564365501009e+01
3.040596960263687976e+01
3.064768357443691826e+01
3.075755356161874943e+01
3.075755356161874943e+01
3.075755356161874943e+01
3.075755356161874943e+01
3.075755356161874943e+01
3.075755356161874943e+01
3.075755356161874943e+01
3.075755356161874943e+01
3.075755356161874943e+01
3.088939754623695322e+01
3.150466947445522692e+01
3.227375938472807348e+01
3.326258926936458238e+01
3.381193920527375951e+01
3.416352316425562918e+01
3.442721113349203677e+01
3.469089910272843724e+01
3.550393700787401485e+01
3.647079289507416178e+01
3.739370078740157055e+01
3.833858267716535551e+01
3.917359457974730219e+01
4.005255447720197992e+01
4.086559238234755753e+01
4.167863028749313514e+01
4.257956418238417484e+01
4.376616004394799120e+01
4.512854788500274594e+01
4.633711774400293137e+01
4.741384361838490946e+01
4.835872550814869442e+01
4.941347738509430343e+01
5.079783922358542725e+01
5.176469511078556707e+01
5.336879692364036032e+01
5.481908075444057715e+01
5.593975462369529339e+01
5.741201245193187930e+01
5.807123237502288760e+01
5.943362021607764234e+01
6.099377403405969744e+01
6.198260391869620634e+01
6.354275773667826144e+01
6.450961362387840836e+01
6.523475553927852388e+01
6.723438930598791785e+01
6.837703717267899606e+01
6.938784105475187403e+01
7.099194286760666728e+01
7.200274674967954525e+01
7.312342061893426148e+01
7.450778245742537820e+01
7.558450833180737050e+01
7.652939022157113413e+01
7.756216810108040249e+01
7.866086797289874255e+01
7.971561984984435867e+01
8.061655374473539837e+01
8.160538362937191437e+01
8.241842153451747777e+01
8.325343343709943156e+01
8.439608130379050976e+01
8.470371726789964839e+01
8.553872917048158797e+01
8.630781908075444164e+01
8.703296099615454295e+01
8.775810291155465848e+01
8.802179088079105895e+01
8.863706280900933621e+01
8.940615271928217567e+01
8.977971067570042862e+01
9.030708661417322958e+01
9.116407251419154534e+01
9.147170847830066975e+01
9.206500640908258504e+01
9.246053836293719996e+01
9.261435634499176217e+01
9.325160227064640139e+01
9.344936824757370175e+01
9.351529023988281608e+01
9.351529023988281608e+01
9.351529023988281608e+01
9.353726423731917805e+01
9.351529023988281608e+01
9.351529023988281608e+01
9.351529023988281608e+01
9.347134224501007793e+01
9.340542025270096360e+01
9.336147225782823966e+01
9.327357626808276336e+01
9.318568027833730127e+01
9.307581029115547722e+01
9.294396630653726277e+01
9.263633034242812414e+01
9.239461637062808563e+01
9.213092840139168516e+01
9.186724043215528468e+01
9.144973448086430778e+01
9.098828053470060695e+01
9.050485259110052993e+01
9.013129463468229119e+01
8.966984068851857614e+01
8.909851675517305125e+01
8.846127082951841203e+01
8.788994689617285871e+01
8.734059696026369579e+01
8.674729902948178051e+01
8.600018311664530302e+01
8.531898919611792564e+01
8.452792528840871000e+01
8.417634132942684744e+01
8.395660135506317090e+01
8.292382347555393096e+01
8.200091558322651508e+01
8.114392968320819932e+01
8.022102179088079765e+01
7.940798388573522004e+01
7.844112799853508022e+01
7.758414209851676446e+01
7.661728621131661043e+01
7.571635231642557073e+01
7.479344442409815485e+01
7.371671854971617677e+01
7.279381065738874668e+01
7.171708478300678280e+01
7.090404687786119098e+01
7.006903497527925140e+01
6.877256912653359677e+01
6.806940120856985743e+01
6.697070133675151737e+01
6.598187145211500138e+01
6.510291155466032365e+01
6.363065372642373063e+01
6.220234389305987577e+01
6.123548800585972884e+01
6.000494414942318144e+01
5.921388024171397291e+01
5.802728438015015655e+01
5.642318256729537040e+01
5.519263871085881590e+01
5.418183482878593793e+01
5.345669291338582241e+01
5.233601904413110617e+01
5.103955319538545865e+01
4.967716535433071101e+01
4.868833546969419501e+01
4.805108954403955579e+01
4.699633766709393967e+01
4.548013184398462272e+01
4.444735396447536857e+01
4.394195202343892959e+01
4.321681010803882117e+01
4.220600622596593610e+01
4.073374839772935729e+01
3.985478850027467246e+01
3.919556857718366416e+01
3.792107672587438572e+01
3.638289690532869258e+01
3.543801501556491473e+01
3.495458707196483772e+01
3.418549716169199826e+01
3.295495330525544375e+01
3.196612342061893486e+01
3.128492950009155749e+01
3.077952755905511850e+01
3.062570957700054919e+01
3.044991759750961435e+01
3.042794360007324528e+01
3.023017762314594492e+01
2.983464566929133710e+01
2.948306171030946743e+01
2.948306171030946743e+01
2.948306171030946743e+01
2.948306171030946743e+01
2.948306171030946743e+01
2.952700970518220203e+01
2.957095770005493307e+01
2.963687969236403674e+01
2.970280168467313686e+01
2.972477568210950238e+01
2.974674967954587146e+01
2.974674967954587146e+01
2.996648965390954089e+01
3.044991759750961435e+01
3.106518952572788805e+01
3.152664347189159599e+01
3.161453946163706163e+01
3.163651345907343071e+01
3.192217542574620026e+01
3.251547335652810489e+01
3.308679728987365110e+01
3.348232924372825181e+01
3.378996520783739044e+01
3.451510712323749885e+01
3.561380699505585312e+01
3.684435085149240052e+01
3.818476469511078619e+01
3.928346456692913335e+01
3.987676249771104153e+01
3.994268449002014165e+01
4.044808643105658064e+01
4.275535616187511323e+01
4.361234206189342899e+01
4.466709393883904511e+01
4.594158579014832355e+01
4.726002563633034015e+01
4.844662149789415651e+01
4.934755539278520331e+01
5.029243728254898826e+01
5.121534517487639704e+01
5.222614905694927501e+01
5.396209485442226139e+01
5.510474272111335381e+01
5.611554660318623178e+01
5.752188243911371046e+01
5.877440029298662694e+01
5.998297015198681237e+01
6.097180003662332837e+01
6.246603186229628335e+01
6.365262772386009971e+01
6.437776963926020812e+01
6.538857352133308609e+01
6.679490935726056478e+01
6.815729719831531952e+01
6.912415308551547355e+01
7.028877494964291373e+01
7.160721479582494453e+01
7.266196667277054644e+01
7.384856253433437701e+01
7.479344442409815485e+01
7.573832631386193270e+01
7.683702618568028697e+01
7.769401208569860273e+01
7.874876396264420464e+01
7.956180186778978225e+01
8.026496978575352159e+01
8.123182567295367562e+01
8.222065555759019162e+01
8.287987548068119281e+01
8.373686138069950857e+01
8.461582127815418630e+01
8.494543123969970111e+01
8.608807910639077932e+01
8.652755905511810397e+01
8.698901300128181902e+01
8.791192089360922068e+01
8.810968687053653525e+01
8.852719282182749794e+01
8.920838674235488952e+01
8.971378868339132850e+01
9.013129463468229119e+01
9.083446255264604474e+01
9.151565647317340790e+01
9.169144845266434629e+01
9.217487639626442331e+01
9.243856436550082378e+01
9.290001831166453883e+01
9.331752426295550151e+01
9.342739425013733978e+01
9.347134224501007793e+01
9.349331624244643990e+01
9.349331624244643990e+01
9.349331624244643990e+01
9.349331624244643990e+01
9.349331624244643990e+01
9.349331624244643990e+01
9.344936824757370175e+01
9.338344625526460163e+01
9.325160227064640139e+01
9.311975828602820116e+01
9.298791430141000092e+01
9.270225233473722426e+01
9.243856436550082378e+01
9.210895440395532319e+01
9.180131843984618456e+01
9.151565647317340790e+01
9.103222852957333089e+01
9.057077458340964426e+01
9.006537264237319107e+01
8.958194469877311406e+01
8.907654275773668928e+01
8.854916681926387412e+01
8.797784288591833501e+01
8.718677897820913358e+01
8.663742904229994224e+01
8.584636513459074081e+01
8.516517121406336344e+01
8.435213330891778583e+01
8.402252334737227102e+01
8.369291338582677042e+01
8.272605749862663060e+01
8.167130562168100028e+01
8.070444973448086046e+01
7.980351583958982076e+01
7.903442592931696709e+01
7.819941402673502751e+01
7.747427211133492619e+01
7.652939022157113413e+01
7.545266434718917026e+01
7.463962644204357844e+01
7.373869254715253874e+01
7.268394067020692262e+01
7.180498077275224489e+01
7.101391686504302925e+01
6.967350302142463647e+01
6.872862113166087283e+01
6.773979124702435684e+01
6.644332539827870221e+01
6.560831349569676263e+01
6.461948361106024663e+01
6.325709577000549189e+01
6.231221388024171404e+01
6.123548800585972884e+01
6.009284013916865064e+01
5.890624427760483428e+01
5.754385643655008664e+01
5.648910455960447052e+01
5.536843069034975429e+01
5.411591283647683781e+01
5.325892693645852205e+01
5.224812305438564408e+01
5.097363120307635853e+01
5.000677531587621161e+01
4.888610144662149537e+01
4.787529756454861740e+01
4.704028566196667072e+01
4.587566379783922343e+01
4.506262589269364582e+01
4.433748397729353741e+01
4.304101812854788989e+01
4.183244826954769735e+01
4.064585240798388810e+01
3.981084050540194141e+01
3.937136055667460255e+01
3.838253067203808655e+01
3.697619483611060076e+01
3.576762497711041533e+01
3.517432704632851426e+01
3.473484709760117539e+01
3.354825123603735904e+01
3.196612342061893486e+01
3.104321552829152253e+01
3.088939754623695322e+01
3.080150155649148402e+01
3.080150155649148402e+01
3.075755356161874943e+01
3.040596960263687976e+01
2.998846365134590641e+01
2.976872367698223698e+01
2.979069767441860606e+01
2.979069767441860606e+01
2.979069767441860606e+01
2.979069767441860606e+01
2.992254165903680629e+01
3.005438564365501009e+01
3.009833363852774113e+01
3.009833363852774113e+01
3.009833363852774113e+01
3.012030763596411020e+01
3.012030763596411020e+01
3.012030763596411020e+01
3.034004761032777964e+01
3.073557956418238390e+01
3.148269547701886140e+01
3.233968137703717360e+01
3.324061527192822041e+01
3.361417322834645915e+01
3.387786119758285963e+01
3.438326313861929862e+01
3.530617103094671450e+01
3.653671488738326190e+01
3.741567478483793963e+01
3.820673869254714816e+01
3.923951657205640231e+01
4.031624244643838040e+01
4.132704632851125837e+01
4.231587621314777437e+01
4.308496612342061383e+01
4.391997802600256762e+01
4.477696392602087627e+01
4.602948177989379275e+01
4.721607764145760910e+01
4.824885552096685615e+01
4.928163340047610319e+01
5.031441127998535023e+01
5.128126716718549716e+01
5.224812305438564408e+01
5.363248489287676080e+01
5.488500274674967727e+01
5.574198864676799303e+01
5.662094854422267076e+01
5.769767441860464885e+01
5.934572422633217315e+01
6.044442409815052031e+01
6.143325398278703631e+01
6.253195385460538347e+01
6.369657571873283075e+01
6.479527559055117081e+01
6.578410547518768681e+01
6.657516938289690245e+01
6.769584325215161869e+01
6.890441311115179701e+01
7.004706097784287522e+01
7.112378685222486752e+01
7.217853872917048363e+01
7.336513459073429999e+01
7.415619849844350142e+01
7.501318439846181718e+01
7.608991027284380948e+01
7.696887017029848721e+01
7.780388207288042679e+01
7.877073796008056661e+01
7.975956784471708261e+01
8.033089177806263592e+01
8.127577366782639956e+01
8.217670756271745347e+01
8.301171946529939305e+01
8.362699139351767030e+01
8.419831532686322362e+01
8.472569126533602457e+01
8.553872917048158797e+01
8.611005310382714129e+01
8.690111701153634272e+01
8.725270097051821949e+01
8.769218091924555836e+01
8.817560886284563537e+01
8.857114081670023609e+01
8.894469877311848904e+01
8.969181468595496654e+01
8.997747665262772898e+01
9.039498260391869167e+01
9.107617652444606904e+01
9.144973448086430778e+01
9.188921442959166086e+01
9.237264237319172366e+01
9.246053836293719996e+01
9.296594030397362474e+01
9.316370628090093930e+01
9.322962827321003942e+01
9.327357626808276336e+01
9.327357626808276336e+01
9.329555026551913954e+01
9.327357626808276336e+01
9.327357626808276336e+01
9.327357626808276336e+01
9.327357626808276336e+01
9.318568027833730127e+01
9.298791430141000092e+01
9.276817432704633859e+01
9.248251236037356193e+01
9.204303241164622307e+01
9.180131843984618456e+01
9.147170847830066975e+01
9.103222852957333089e+01
9.052682658853689190e+01
9.006537264237319107e+01
8.960391869620949024e+01
8.912049075260941322e+01
8.859311481413661227e+01
8.793389489104559686e+01
8.718677897820913358e+01
8.663742904229994224e+01
8.600018311664530302e+01
8.529701519868156367e+01
8.461582127815418630e+01
8.391265336019043275e+01
8.334132942684490786e+01
8.252829152169933025e+01
8.184709760117195287e+01
8.162735762680827634e+01
8.085826771653543688e+01
7.973759384728072064e+01
7.883665995238968094e+01
7.793572605749862703e+01
7.681505218824392500e+01
7.591411829335285688e+01
7.503515839589817915e+01
7.406830250869803933e+01
7.323329060611609975e+01
7.233235671122506005e+01
7.147537081120674429e+01
7.057443691631569038e+01
6.943178904962461218e+01
6.846493316242447236e+01
6.743215528291521821e+01
6.646529939571507839e+01
6.536659952389672412e+01
6.442171763413293206e+01
6.336696575718733015e+01
6.218036989562351380e+01
6.112561801867789768e+01
6.004889214429591959e+01
5.901611426478666544e+01
5.776359641091374897e+01
5.668687053653177088e+01
5.556619666727705464e+01
5.442354880058597644e+01
5.336879692364036032e+01
5.257773301593114468e+01
5.176469511078556707e+01
5.086376121589452737e+01
4.919373741073063400e+01
4.838069950558505639e+01
4.754568760300311681e+01
4.660080571323933185e+01
4.556802783373008481e+01
4.475498992858450720e+01
4.387603003112982947e+01
4.290917414392968254e+01
4.178850027467496631e+01
4.068980040285661914e+01
3.967899652078374118e+01
3.941530855154733359e+01
3.866819263871085610e+01
3.715198681560153915e+01
3.583354696941952255e+01
3.541604101812854566e+01
3.535011902581944554e+01
3.418549716169199826e+01
3.209796740523713510e+01
3.168046145394616531e+01
3.161453946163706163e+01
3.161453946163706163e+01
3.161453946163706163e+01
3.139479948727339220e+01
3.108716352316425713e+01
3.075755356161874943e+01
3.047189159494597988e+01
3.047189159494597988e+01
3.047189159494597988e+01
3.047189159494597988e+01
3.047189159494597988e+01
3.049386559238234895e+01
3.047189159494597988e+01
3.047189159494597988e+01
3.049386559238234895e+01
3.049386559238234895e+01
3.093334554110968782e+01
3.161453946163706163e+01
3.255942135140084304e+01
3.326258926936458238e+01
3.363614722578282112e+01
3.429536714887383653e+01
3.502050906427394494e+01
3.578959897454678440e+01
3.640487090276506166e+01
3.710803882072880810e+01
3.807489470792894792e+01
3.880003662332906345e+01
3.967899652078374118e+01
4.088756637978391950e+01
4.181047427211133538e+01
4.257956418238417484e+01
4.350247207471159072e+01
4.451327595678446869e+01
4.554605383629372284e+01
4.642501373374840057e+01
4.741384361838490946e+01
4.840267350302142546e+01
4.945742537996703447e+01
5.033638527742171220e+01
5.143508514924006647e+01
5.229207104925838223e+01
5.297326496978575250e+01
5.429170481596777620e+01
5.561014466214979279e+01
5.679674052371360915e+01
5.745596044680461034e+01
5.851071232375022646e+01
5.971928218275041189e+01
6.070811206738692789e+01
6.202655191356894449e+01
6.270774583409632186e+01
6.371854971616919983e+01
6.488317158029664711e+01
6.587200146493316311e+01
6.688280534700604107e+01
6.793755722395165719e+01
6.901428309833363528e+01
6.973942501373375080e+01
7.070628090093390483e+01
7.213459073429774548e+01
7.279381065738874668e+01
7.332118659586156184e+01
7.455173045229811635e+01
7.551858633949825617e+01
7.657333821644387228e+01
7.732045412928034978e+01
7.811151803698956542e+01
7.885863394982604291e+01
7.967167185497162052e+01
8.068247573704449849e+01
8.129774766526277574e+01
8.178117560886285276e+01
8.244039553195386816e+01
8.325343343709943156e+01
8.393462735762680893e+01
8.459384728071782433e+01
8.501135323200878702e+01
8.547280717817250206e+01
8.637374107306354176e+01
8.663742904229994224e+01
8.720875297564549555e+01
8.782402490386375860e+01
8.802179088079105895e+01
8.846127082951841203e+01
8.901062076542757495e+01
8.945010071415491382e+01
8.997747665262772898e+01
9.026313861930049143e+01
9.063669657571873017e+01
9.140578648599158385e+01
9.149368247573704593e+01
9.166947445522798432e+01
9.199908441677348492e+01
9.213092840139168516e+01
9.221882439113714724e+01
9.221882439113714724e+01
9.224079838857352343e+01
9.224079838857352343e+01
9.224079838857352343e+01
9.224079838857352343e+01
9.221882439113714724e+01
9.210895440395532319e+01
9.195513642190074677e+01
9.166947445522798432e+01
9.127394250137338361e+01
9.085643655008240671e+01
9.046090459622780600e+01
9.008734663980956725e+01
8.951602270646401394e+01
8.898864676799121298e+01
8.839534883720929770e+01
8.802179088079105895e+01
8.764823292437282021e+01
8.694506500640908087e+01
8.621992309100897955e+01
8.551675517304522600e+01
8.503332722944516320e+01
8.450595129097234803e+01
8.371488738326314660e+01
8.294579747299029293e+01
8.237447353964475383e+01
8.182512360373559090e+01
8.105603369346273723e+01
8.033089177806263592e+01
7.953982787035342028e+01
7.872678996520784267e+01
7.786980406518952691e+01
7.679307819080753461e+01
7.593609229078924727e+01
7.501318439846181718e+01
7.415619849844350142e+01
7.325526460355246172e+01
7.250814869071598423e+01
7.145339681377036811e+01
7.064035890862479050e+01
6.978337300860647474e+01
6.870664713422451086e+01
6.778373924189708077e+01
6.683885735213331714e+01
6.585002746749680114e+01
6.497106757004212341e+01
6.413605566746016962e+01
6.321314777513276084e+01
6.202655191356894449e+01
6.086193004944149720e+01
5.982915216993224305e+01
5.877440029298662694e+01
5.765372642373191781e+01
5.681871452114997112e+01
5.609357260574986270e+01
5.510474272111335381e+01
5.374235488005859906e+01
5.281944698773118319e+01
5.202838308002197465e+01
5.110547518769456588e+01
4.991887932613074952e+01
4.890807544405786444e+01
4.809503753891228683e+01
4.745779161325764051e+01
4.668870170298480105e+01
4.576579381065738517e+01
4.473301593114814523e+01
4.402984801318439878e+01
4.321681010803882117e+01
4.214008423365683598e+01
4.104138436183848881e+01
3.992071049258377968e+01
3.972294451565647222e+01
3.910767258743820207e+01
3.825068668741988631e+01
3.677842885918330040e+01
3.611920893609229211e+01
3.559183299761948405e+01
3.484471708478300656e+01
3.381193920527375951e+01
3.343838124885552077e+01
3.339443325398278972e+01
3.335048525911005157e+01
3.295495330525544375e+01
3.231770737960080453e+01
3.211994140267350417e+01
3.205401941036440405e+01
3.207599340780076602e+01
3.207599340780076602e+01
3.207599340780076602e+01
3.207599340780076602e+01
3.207599340780076602e+01
3.207599340780076602e+01
3.244955136421900477e+01
3.299890130012818190e+01
3.354825123603735904e+01
3.409760117194652906e+01
3.444918513092839873e+01
3.480076908991027551e+01
3.543801501556491473e+01
3.655868888481963097e+01
3.745962277971067778e+01
3.827266068485625539e+01
3.882201062076542541e+01
3.954715253616554094e+01
4.044808643105658064e+01
4.130507233107489640e+01
4.200824024903863574e+01
4.271140816700238219e+01
4.326075810291155221e+01
4.409577000549349890e+01
4.515052188243911502e+01
4.596355978758469263e+01
4.708423365683940176e+01
4.813898553378501788e+01
4.906189342611243376e+01
4.996282732100348056e+01
5.088573521333088934e+01
5.174272111334920510e+01
5.257773301593114468e+01
5.376432887749496103e+01
5.495092473905877739e+01
5.578593664164072408e+01
5.679674052371360915e+01
5.765372642373191781e+01
5.886229628273210324e+01
5.996099615455045040e+01
6.064219007507782067e+01
6.154312396996886747e+01
6.233418787767808311e+01
6.343288774949643027e+01
6.479527559055117081e+01
6.514685954953304758e+01
6.521278154184216191e+01
6.734425929316975612e+01
6.833308917780627212e+01
6.923402307269731182e+01
7.024482695477018979e+01
7.114576084966122949e+01
7.189287676249770698e+01
7.283775865226149904e+01
7.376066654458890071e+01
7.450778245742537820e+01
7.529884636513457963e+01
7.611188427028017145e+01
7.681505218824392500e+01
7.773796008057132667e+01
7.841915400109868983e+01
7.932008789598975795e+01
7.993535982420803521e+01
8.061655374473539837e+01
8.131972166269913771e+01
8.211078557040835335e+01
8.274803149606299257e+01
8.329738143197215550e+01
8.397857535249954708e+01
8.450595129097234803e+01
8.483556125251786284e+01
8.538491118842702576e+01
8.608807910639077932e+01
8.639571507049990373e+01
8.692309100897271890e+01
8.742849295000915788e+01
8.784599890130013478e+01
8.810968687053653525e+01
8.863706280900933621e+01
8.907654275773668928e+01
8.955997070133675209e+01
8.982365867057316677e+01
9.017524262955502934e+01
9.068064457059146832e+01
9.105420252700970707e+01
9.149368247573704593e+01
9.186724043215528468e+01
9.219685039370078528e+01
9.246053836293719996e+01
9.268027833730086229e+01
9.283409631935542450e+01
9.298791430141000092e+01
9.307581029115547722e+01
9.316370628090093930e+01
9.318568027833730127e+01
9.320765427577367745e+01
9.320765427577367745e+01
9.320765427577367745e+01
9.320765427577367745e+01
9.320765427577367745e+01
9.320765427577367745e+01
9.320765427577367745e+01
9.303186229628273907e+01
9.281212232191906253e+01
9.243856436550082378e+01
9.215290239882806134e+01
9.180131843984618456e+01
9.144973448086430778e+01
9.112012451931880719e+01
9.057077458340964426e+01
9.019721662699139131e+01
8.971378868339132850e+01
8.909851675517305125e+01
8.872495879875481251e+01
8.806573887566381131e+01
8.745046694744553406e+01
8.683519501922725681e+01
8.626387108588170349e+01
8.573649514740890254e+01
8.507727522431790135e+01
8.454989928584508618e+01
8.384673136788134684e+01
8.301171946529939305e+01
8.246236952939023013e+01
8.226460355246291556e+01
8.151748763962643807e+01
8.072642373191723664e+01
7.982548983702618273e+01
7.890258194469876685e+01
7.808954403955320345e+01
7.732045412928034978e+01
7.657333821644387228e+01
7.573832631386193270e+01
7.472752243178905474e+01
7.395843252151621527e+01
7.312342061893426148e+01
7.242025270097052214e+01
7.138747482146126799e+01
7.050851492400659026e+01
6.984929500091558907e+01
6.901428309833363528e+01
6.773979124702435684e+01
6.675096136238784084e+01
6.582805347006042496e+01
6.492711957516938526e+01
6.422395165720564592e+01
6.327906976744186096e+01
6.200457791613257541e+01
6.099377403405969744e+01
5.982915216993224305e+01
5.892821827504120336e+01
5.785149240065921816e+01
5.690661051089544031e+01
5.600567661600439351e+01
5.479710675700421518e+01
5.402801684673136862e+01
5.317103094671305996e+01
5.189653909540376731e+01
5.088573521333088934e+01
4.991887932613074952e+01
4.914978941585790295e+01
4.844662149789415651e+01
4.726002563633034015e+01
4.627119575169382415e+01
4.554605383629372284e+01
4.495275590551180755e+01
4.422761399011169914e+01
4.288720014649331347e+01
4.203021424647500481e+01
4.128309833363852732e+01
4.077769639260208834e+01
3.972294451565647222e+01
3.871214063358359425e+01
3.840450466947445562e+01
3.756949276689250894e+01
3.578959897454678440e+01
3.486669108221937563e+01
3.464695110785570620e+01
3.425141915400109838e+01
3.326258926936458238e+01
3.198809741805530038e+01
3.106518952572788805e+01
3.069163156930964931e+01
3.055978758469144907e+01
3.055978758469144907e+01
3.058176158212781459e+01
3.031807361289141056e+01
3.007635964109137561e+01
3.001043764878227549e+01
3.001043764878227549e+01
3.001043764878227549e+01
3.001043764878227549e+01
3.003241164621864101e+01
3.005438564365501009e+01
3.009833363852774113e+01
3.014228163340047573e+01
3.014228163340047573e+01
3.014228163340047573e+01
3.014228163340047573e+01
3.014228163340047573e+01
3.014228163340047573e+01
3.014228163340047573e+01
3.014228163340047573e+01
3.016425563083684125e+01
3.016425563083684125e+01
3.018622962827321032e+01
3.018622962827321032e+01
3.018622962827321032e+01
3.018622962827321032e+01
3.018622962827321032e+01
3.018622962827321032e+01
3.018622962827321032e+01
3.020820362570957585e+01
3.020820362570957585e+01
3.020820362570957585e+01
3.020820362570957585e+01
3.020820362570957585e+01
3.020820362570957585e+01
3.023017762314594492e+01
3.023017762314594492e+01
3.023017762314594492e+01
3.020820362570957585e+01
3.020820362570957585e+01
3.020820362570957585e+01
3.020820362570957585e+01
3.020820362570957585e+01
3.020820362570957585e+01
3.020820362570957585e+01
3.020820362570957585e+01
3.020820362570957585e+01
3.020820362570957585e+01
3.020820362570957585e+01
3.020820362570957585e+01
3.020820362570957585e+01
3.020820362570957585e+01
3.020820362570957585e+01
3.020820362570957585e+01
3.020820362570957585e+01
3.020820362570957585e+01
3.020820362570957585e+01
3.020820362570957585e+01
3.020820362570957585e+01
3.020820362570957585e+01
3.020820362570957585e+01
3.020820362570957585e+01
3.020820362570957585e+01
3.020820362570957585e+01
3.020820362570957585e+01
3.020820362570957585e+01
3.020820362570957585e+01
3.020820362570957585e+01
3.020820362570957585e+01
3.020820362570957585e+01
3.020820362570957585e+01
3.020820362570957585e+01
3.020820362570957585e+01
3.020820362570957585e+01
3.020820362570957585e+01
3.020820362570957585e+01
3.020820362570957585e+01
3.020820362570957585e+01
3.020820362570957585e+01
3.020820362570957585e+01
3.005438564365501009e+01
2.976872367698223698e+01
2.970280168467313686e+01
2.970280168467313686e+01
2.970280168467313686e+01
2.970280168467313686e+01
2.970280168467313686e+01
2.970280168467313686e+01
2.970280168467313686e+01
2.970280168467313686e+01
2.970280168467313686e+01
2.970280168467313686e+01
2.970280168467313686e+01
2.959293169749130215e+01
2.880186778978209006e+01
2.768119392052737737e+01
2.726368796923640403e+01
2.702197399743636552e+01
2.700000000000000000e+01
2.702197399743636552e+01
2.700000000000000000e+01
