4.427156198498443018e+01
4.532631386193004630e+01
4.629316974913020033e+01
4.699633766709393967e+01
4.763358359274857889e+01
4.838069950558505639e+01
4.925965940303973412e+01
5.055612525178538874e+01
5.180864310565830522e+01
5.270957700054934492e+01
5.345669291338582241e+01
5.411591283647683781e+01
5.486302874931331530e+01
5.589580662882255524e+01
5.695055850576817136e+01
5.804925837758652563e+01
5.895019227247756533e+01
5.954349020325947350e+01
6.029060611609595099e+01
6.110364402124152861e+01
6.213642190075077565e+01
6.323512177256912281e+01
6.409210767258744568e+01
6.470737960080572293e+01
6.549844350851492436e+01
6.642135140084232603e+01
6.749807727522431833e+01
6.855282915216993445e+01
6.940981505218823600e+01
6.993719099066105116e+01
7.068430690349752865e+01
7.169511078557040662e+01
7.244222669840688411e+01
7.310144662149789951e+01
7.426606848562533969e+01
7.518897637795276978e+01
7.556253433437099432e+01
7.626570225233473366e+01
7.699084416773484918e+01
7.760611609595312643e+01
7.846310199597144219e+01
7.925416590368064362e+01
7.967167185497162052e+01
8.013312580113532135e+01
8.077037172678996058e+01
8.131972166269913771e+01
8.202288958066287705e+01
8.270408350119026863e+01
8.309961545504486935e+01
8.345119941402674613e+01
8.400054934993590905e+01
8.457187328328144815e+01
8.494543123969970111e+01
8.529701519868156367e+01
8.569254715253617860e+01
8.613202710126350325e+01
8.668137703717268039e+01
8.714283098333638122e+01
8.738454495513641973e+01
8.784599890130013478e+01
8.828547885002747364e+01
8.861508881157297424e+01
8.909851675517305125e+01
8.938417872184581370e+01
8.938417872184581370e+01
8.955997070133675209e+01
8.995550265519136701e+01
9.043893059879144403e+01
9.079051455777330659e+01
9.107617652444606904e+01
9.120802050906426928e+01
9.142776048342794581e+01
9.195513642190074677e+01
9.224079838857352343e+01
9.230672038088262354e+01
9.237264237319172366e+01
9.243856436550082378e+01
9.243856436550082378e+01
9.243856436550082378e+01
9.246053836293719996e+01
9.243856436550082378e+01
9.243856436550082378e+01
9.241659036806446181e+01
9.237264237319172366e+01
9.232869437831899972e+01
9.219685039370078528e+01
9.204303241164622307e+01
9.171342245010072247e+01
9.138381248855520766e+01
9.109815052188244522e+01
9.065867057315510635e+01
9.028511261673685340e+01
9.002142464750045292e+01
8.958194469877311406e+01
8.912049075260941322e+01
8.865903680644569818e+01
8.819758286028201155e+01
8.786797289873649675e+01
8.751638893975461997e+01
8.696703900384545705e+01
8.637374107306354176e+01
8.593426112433620290e+01
8.538491118842702576e+01
8.496740523713606308e+01
8.450595129097234803e+01
8.391265336019043275e+01
8.329738143197215550e+01
8.279197949093573072e+01
8.217670756271745347e+01
8.147353964475371413e+01
8.074839772935359861e+01
8.024299578831715962e+01
7.993535982420803521e+01
7.975956784471708261e+01
7.910034792162608142e+01
7.830928401391686577e+01
7.751822010620765013e+01
7.670518220106207252e+01
7.584819630104377097e+01
7.516700238051637939e+01
7.439791247024353993e+01
7.360684856253433850e+01
7.290368064457059916e+01
7.187090276506134501e+01
7.101391686504302925e+01
7.042061893426111396e+01
6.978337300860647474e+01
6.908020509064273540e+01
6.817927119575169570e+01
6.721241530855155588e+01
6.631148141366050197e+01
6.545449551364218621e+01
6.470737960080572293e+01
6.400421168284196938e+01
6.290551181102362222e+01
6.204852591100530645e+01
6.123548800585972884e+01
6.031258011353232007e+01
5.947756821095037338e+01
5.859860831349569565e+01
5.749990844167734849e+01
5.640120856985900133e+01
5.539040468778611626e+01
5.462131477751327679e+01
5.385222486724043023e+01
5.277549899285845214e+01
5.178666910822193614e+01
5.084178721845815829e+01
5.011664530305804988e+01
4.932558139534883423e+01
4.831477751327595627e+01
4.721607764145760910e+01
4.629316974913020033e+01
4.565592382347555400e+01
4.508459989013000779e+01
4.427156198498443018e+01
4.321681010803882117e+01
4.240377220289324356e+01
4.167863028749313514e+01
4.097546236952938870e+01
4.025032045412928028e+01
3.921754257462003324e+01
3.833858267716535551e+01
3.759146676432887801e+01
3.721790880791063927e+01
3.680040285661966948e+01
3.565775498992858417e+01
3.433931514374656757e+01
3.308679728987365110e+01
3.271323933345541235e+01
3.271323933345541235e+01
3.271323933345541235e+01
3.258139534883721211e+01
3.203204541292803498e+01
3.148269547701886140e+01
3.115308551547335725e+01
3.108716352316425713e+01
3.108716352316425713e+01
3.108716352316425713e+01
3.108716352316425713e+01
3.108716352316425713e+01
3.108716352316425713e+01
3.110913752060062265e+01
3.132887749496429208e+01
3.172440944881889635e+01
3.253744735396447396e+01
3.359219923091009008e+01
3.460300311298296805e+01
3.532814502838307646e+01
3.578959897454678440e+01
3.647079289507416178e+01
3.715198681560153915e+01
3.798699871818348583e+01
3.890990661051089461e+01
3.965702252334737210e+01
4.051400842336568076e+01
4.130507233107489640e+01
4.209613623878410493e+01
4.293114814136605162e+01
4.367826405420252911e+01
4.473301593114814523e+01
4.569987181834828505e+01
4.664475370811206290e+01
4.752371360556674063e+01
4.800714154916681764e+01
4.857846548251235674e+01
4.936952939022157238e+01
5.068796923640358898e+01
5.187456509796740534e+01
5.266562900567661387e+01
5.376432887749496103e+01
5.459934078007690772e+01
5.530250869804065417e+01
5.635726057498627029e+01
5.725819446987730998e+01
5.785149240065921816e+01
5.864255630836842670e+01
5.969730818531404282e+01
6.079600805713238998e+01
6.160904596227796759e+01
6.233418787767808311e+01
6.301538179820545338e+01
6.387236769822376914e+01
6.503698956235120932e+01
6.615766343160592555e+01
6.697070133675151737e+01
6.758597326496979463e+01
6.833308917780627212e+01
6.929994506500641194e+01
7.028877494964291373e+01
7.114576084966122949e+01
7.178300677531586871e+01
7.255209668558872238e+01
7.336513459073429999e+01
7.409027650613441551e+01
7.499121040102545521e+01
7.576030031129829467e+01
7.637557223951657193e+01
7.705676616004394930e+01
7.769401208569860273e+01
7.852902398828054231e+01
7.936403589086248189e+01
7.975956784471708261e+01
8.026496978575352159e+01
8.105603369346273723e+01
8.151748763962643807e+01
8.213275956784471532e+01
8.259421351400843037e+01
8.298974546786303108e+01
8.349514740889947007e+01
8.413239333455410929e+01
8.465976927302691024e+01
8.496740523713606308e+01
8.505530122688152517e+01
8.545083318073612588e+01
8.584636513459074081e+01
8.632979307819080361e+01
8.687914301409998075e+01
8.720875297564549555e+01
8.753836293719099615e+01
8.795586888848195883e+01
8.846127082951841203e+01
8.883482878593665077e+01
8.912049075260941322e+01
8.938417872184581370e+01
8.973576268082769047e+01
9.021919062442776749e+01
9.052682658853689190e+01
9.076854056033693041e+01
9.116407251419154534e+01
9.140578648599158385e+01
9.158157846548252223e+01
9.193316242446438480e+01
9.217487639626442331e+01
9.226277238600988539e+01
9.232869437831899972e+01
9.235066837575536169e+01
9.237264237319172366e+01
9.237264237319172366e+01
9.237264237319172366e+01
9.237264237319172366e+01
9.237264237319172366e+01
9.235066837575536169e+01
9.235066837575536169e+01
9.235066837575536169e+01
9.226277238600988539e+01
9.195513642190074677e+01
9.162552646035524617e+01
9.125196850393700743e+01
9.090038454495513065e+01
9.061472257828236820e+01
9.030708661417322958e+01
8.988958066288225268e+01
8.949404870902765197e+01
8.903259476286395113e+01
8.861508881157297424e+01
8.828547885002747364e+01
8.769218091924555836e+01
8.709888298846365728e+01
8.679124702435451866e+01
8.643966306537265609e+01
8.593426112433620290e+01
8.540688518586338773e+01
8.485753524995422481e+01
8.430818531404504768e+01
8.389067936275407078e+01
8.336330342428126983e+01
8.272605749862663060e+01
8.204486357809925323e+01
8.127577366782639956e+01
8.072642373191723664e+01
8.033089177806263592e+01
7.951785387291704410e+01
7.896850393700788118e+01
7.872678996520784267e+01
7.819941402673502751e+01
7.747427211133492619e+01
7.661728621131661043e+01
7.587017029848013294e+01
7.516700238051637939e+01
7.435396447537081599e+01
7.343105658304340011e+01
7.259604468046146053e+01
7.189287676249770698e+01
7.110181285478850555e+01
7.024482695477018979e+01
6.943178904962461218e+01
6.846493316242447236e+01
6.773979124702435684e+01
6.703662332906060328e+01
6.633345541109687815e+01
6.536659952389672412e+01
6.433382164438748418e+01
6.349880974180553039e+01
6.257590184947811451e+01
6.169694195202343678e+01
6.094982603918695929e+01
6.007086614173228156e+01
5.910401025453213464e+01
5.800531038271378748e+01
5.710437648782274778e+01
5.648910455960447052e+01
5.567606665445889291e+01
5.446749679545870748e+01
5.341274491851309136e+01
5.253378502105841363e+01
5.165482512360373590e+01
5.095165720563998946e+01
5.016059329793078092e+01
4.912781541842153388e+01
4.805108954403955579e+01
4.686449368247573943e+01
4.605145577733016182e+01
4.545815784654824654e+01
4.486485991576634547e+01
4.381010803882072935e+01
4.290917414392968254e+01
4.218403222852957413e+01
4.165665629005676607e+01
4.095348837209301962e+01
4.005255447720197992e+01
3.897582860281999473e+01
3.818476469511078619e+01
3.763541475920160906e+01
3.721790880791063927e+01
3.631697491301959246e+01
3.535011902581944554e+01
3.420747115912836733e+01
3.343838124885552077e+01
3.321864127449185133e+01
3.321864127449185133e+01
3.310877128731002017e+01
3.253744735396447396e+01
3.190020142830983474e+01
3.154861746932796152e+01
3.152664347189159599e+01
3.152664347189159599e+01
3.154861746932796152e+01
3.154861746932796152e+01
3.154861746932796152e+01
3.154861746932796152e+01
3.154861746932796152e+01
3.154861746932796152e+01
3.154861746932796152e+01
3.154861746932796152e+01
3.183427943600073462e+01
3.260336934627357408e+01
3.374601721296465939e+01
3.510840505401941414e+01
3.611920893609229211e+01
3.677842885918330040e+01
3.695422083867423169e+01
3.710803882072880810e+01
3.756949276689250894e+01
3.932741256180186440e+01
3.996465848745651073e+01
4.082164438747481938e+01
4.178850027467496631e+01
4.264548617469327496e+01
4.345852407983885257e+01
4.433748397729353741e+01
4.521644387474821514e+01
4.613935176707562391e+01
4.679857169016663931e+01
4.752371360556674063e+01
4.846859549533052558e+01
4.950137337483977262e+01
5.075389122871268910e+01
5.180864310565830522e+01
5.270957700054934492e+01
5.334682292620399124e+01
5.409393883904046874e+01
5.495092473905877739e+01
5.600567661600439351e+01
5.690661051089544031e+01
5.800531038271378748e+01
5.873045229811390300e+01
5.912598425196850371e+01
6.018073612891411983e+01
6.121351400842336687e+01
6.196062992125984437e+01
6.297143380333272233e+01
6.380644570591466902e+01
6.455356161875114651e+01
6.565226149056948657e+01
6.650924739058780233e+01
6.743215528291521821e+01
6.864072514191539653e+01
6.936586705731551206e+01
6.962955502655191253e+01
7.090404687786119098e+01
7.202472074711590722e+01
7.235433070866142202e+01
7.305749862662516136e+01
7.413422450100713945e+01
7.468357443691631659e+01
7.549661234206189420e+01
7.644149423182567205e+01
7.674913019593481067e+01
7.718861014466214954e+01
7.811151803698956542e+01
7.929811389855336756e+01
8.024299578831715962e+01
8.083629371909907491e+01
8.088024171397179884e+01
8.136366965757187586e+01
8.219868156015381544e+01
8.259421351400843037e+01
8.316553744735395526e+01
8.391265336019043275e+01
8.428621131660868571e+01
8.461582127815418630e+01
8.494543123969970111e+01
8.542885918329976391e+01
8.586833913202710278e+01
8.611005310382714129e+01
8.668137703717268039e+01
8.707690899102728110e+01
8.749441494231825800e+01
8.786797289873649675e+01
8.817560886284563537e+01
8.868101080388207436e+01
8.909851675517305125e+01
8.925233473722761346e+01
8.964786669108221417e+01
9.010932063724592922e+01
9.037300860648232970e+01
9.072459256546420647e+01
9.101025453213696892e+01
9.140578648599158385e+01
9.155960446804614605e+01
9.166947445522798432e+01
9.191118842702802283e+01
9.210895440395532319e+01
9.221882439113714724e+01
9.226277238600988539e+01
9.228474638344626158e+01
9.228474638344626158e+01
9.228474638344626158e+01
9.228474638344626158e+01
9.228474638344626158e+01
9.228474638344626158e+01
9.226277238600988539e+01
9.226277238600988539e+01
9.221882439113714724e+01
9.206500640908258504e+01
9.166947445522798432e+01
9.136183849111884570e+01
9.107617652444606904e+01
9.065867057315510635e+01
9.039498260391869167e+01
9.008734663980956725e+01
8.947207471159129000e+01
8.903259476286395113e+01
8.887877678080937471e+01
8.843929683208203585e+01
8.786797289873649675e+01
8.734059696026369579e+01
8.696703900384545705e+01
8.661545504486358027e+01
8.613202710126350325e+01
8.564859915766342624e+01
8.505530122688152517e+01
8.448397729353598606e+01
8.397857535249954708e+01
8.347317341146310810e+01
8.301171946529939305e+01
8.246236952939023013e+01
8.160538362937191437e+01
8.101208569858999908e+01
8.055063175242629825e+01
7.980351583958982076e+01
7.949587987548068213e+01
7.923219190624428165e+01
7.855099798571690428e+01
7.778190807544406482e+01
7.694689617286212524e+01
7.611188427028017145e+01
7.529884636513457963e+01
7.452975645486175438e+01
7.373869254715253874e+01
7.296960263687969928e+01
7.228840871635232190e+01
7.145339681377036811e+01
7.059641091375206656e+01
6.987126899835195104e+01
6.897033510346091134e+01
6.798150521882439534e+01
6.727833730086064179e+01
6.650924739058780233e+01
6.571818348287860090e+01
6.483922358542392317e+01
6.393828969053286926e+01
6.312525178538729165e+01
6.226826588536898299e+01
6.123548800585972884e+01
6.037850210584142019e+01
5.963138619300494270e+01
5.870847830067752682e+01
5.760977842885918676e+01
5.653305255447720157e+01
5.569804065189525488e+01
5.499487273393151554e+01
5.407196484160409966e+01
5.290734297747665238e+01
5.178666910822193614e+01
5.090770921076725841e+01
5.033638527742171220e+01
4.952334737227613459e+01
4.851254349020325662e+01
4.739186962094854039e+01
4.638106573887566242e+01
4.567789782091192308e+01
4.506262589269364582e+01
4.429353598242080636e+01
4.323878410547519024e+01
4.238179820545687448e+01
4.187639626442043550e+01
4.141494231825672756e+01
4.055795641823841891e+01
3.941530855154733359e+01
3.827266068485625539e+01
3.770133675151070918e+01
3.728383080021973939e+01
3.682237685405603145e+01
3.585552096685588452e+01
3.458102911554660608e+01
3.365812122321919020e+01
3.330653726423732053e+01
3.321864127449185133e+01
3.306482329243728202e+01
3.262534334370994316e+01
3.203204541292803498e+01
3.161453946163706163e+01
3.152664347189159599e+01
3.152664347189159599e+01
3.152664347189159599e+01
3.152664347189159599e+01
3.152664347189159599e+01
3.154861746932796152e+01
3.152664347189159599e+01
3.157059146676432704e+01
3.163651345907343071e+01
3.196612342061893486e+01
3.231770737960080453e+01
3.271323933345541235e+01
3.337245925654642065e+01
3.420747115912836733e+01
3.504248306171030691e+01
3.578959897454678440e+01
3.651474088994689282e+01
3.723988280534700834e+01
3.800897271561984780e+01
3.895385460538362565e+01
3.992071049258377968e+01
4.073374839772935729e+01
4.130507233107489640e+01
4.194231825672953562e+01
4.279930415674785138e+01
4.385405603369346750e+01
4.504065189525728385e+01
4.607342977476652379e+01
4.693041567478483955e+01
4.732594762863944027e+01
4.783134956967587925e+01
4.853451748763962570e+01
4.972111334920344206e+01
5.101757919794908958e+01
5.220417505951290593e+01
5.319300494414942193e+01
5.385222486724043023e+01
5.440157480314960736e+01
5.528053470060428509e+01
5.644515656473173237e+01
5.747793444424097942e+01
5.835689434169566425e+01
5.886229628273210324e+01
5.960941219556857362e+01
6.068613806995055882e+01
6.176286394433253690e+01
6.275169382896905290e+01
6.352078373924189947e+01
6.411408167002380765e+01
6.505896355978758550e+01
6.611371543673320161e+01
6.710254532136971761e+01
6.822321919062443385e+01
6.894836110602453516e+01
6.954165903680643623e+01
7.026680095220655176e+01
7.114576084966122949e+01
7.209064273942502155e+01
7.294762863944333731e+01
7.358487456509797653e+01
7.428804248306170166e+01
7.501318439846181718e+01
7.582622230360739479e+01
7.670518220106207252e+01
7.721058414209852572e+01
7.762809009338948840e+01
7.857297198315328046e+01
7.967167185497162052e+01
8.017707379600805950e+01
8.057260574986266022e+01
8.105603369346273723e+01
8.169327961911739067e+01
8.233052554477201568e+01
8.287987548068119281e+01
8.351712140633583203e+01
8.397857535249954708e+01
8.426423731917230953e+01
8.465976927302691024e+01
8.525306720380882552e+01
8.567057315509978821e+01
8.624189708844534152e+01
8.659348104742721830e+01
8.687914301409998075e+01
8.731862296282733382e+01
8.782402490386375860e+01
8.824153085515473549e+01
8.868101080388207436e+01
8.896667277055485101e+01
8.907654275773668928e+01
8.936220472440945173e+01
8.980168467313679059e+01
9.019721662699139131e+01
9.041695660135505364e+01
9.070261856802784450e+01
9.107617652444606904e+01
9.142776048342794581e+01
9.171342245010072247e+01
9.197711041933712295e+01
9.204303241164622307e+01
9.224079838857352343e+01
9.230672038088262354e+01
9.237264237319172366e+01
9.241659036806446181e+01
9.243856436550082378e+01
9.243856436550082378e+01
9.243856436550082378e+01
9.246053836293719996e+01
9.243856436550082378e+01
9.241659036806446181e+01
9.235066837575536169e+01
9.224079838857352343e+01
9.215290239882806134e+01
9.199908441677348492e+01
9.169144845266434629e+01
9.140578648599158385e+01
9.101025453213696892e+01
9.061472257828236820e+01
9.037300860648232970e+01
8.995550265519136701e+01
8.953799670390037591e+01
8.914246475004577519e+01
8.859311481413661227e+01
8.819758286028201155e+01
8.793389489104559686e+01
8.740651895257279591e+01
8.692309100897271890e+01
8.641768906793626570e+01
8.580241713971800266e+01
8.540688518586338773e+01
8.505530122688152517e+01
8.457187328328144815e+01
8.391265336019043275e+01
8.338527742171763180e+01
8.292382347555393096e+01
8.211078557040835335e+01
8.145156564731733795e+01
8.123182567295367562e+01
8.061655374473539837e+01
7.973759384728072064e+01
7.940798388573522004e+01
7.901245193188060512e+01
7.833125801135322774e+01
7.758414209851676446e+01
7.679307819080753461e+01
7.600201428309833318e+01
7.525489837026185569e+01
7.457370444973449253e+01
7.384856253433437701e+01
7.307947262406153754e+01
7.215656473173412166e+01
7.125563083684306775e+01
7.055246291887932841e+01
6.989324299578831301e+01
6.908020509064273540e+01
6.809137520600623361e+01
6.719044131111517970e+01
6.635542940853324012e+01
6.556436550082402448e+01
6.479527559055117081e+01
6.385039370078740006e+01
6.286156381615089117e+01
6.196062992125984437e+01
6.121351400842336687e+01
6.051034609045962043e+01
5.941164621864127326e+01
5.837886833913202622e+01
5.732411646218641010e+01
5.629133858267717017e+01
5.539040468778611626e+01
5.437960080571323829e+01
5.339077092107672229e+01
5.231404504669474420e+01
5.108350119025818969e+01
5.038033327229445035e+01
4.974308734663981113e+01
4.888610144662149537e+01
4.796319355429408660e+01
4.697436366965757060e+01
4.622724775682109311e+01
4.545815784654824654e+01
4.460117194652993788e+01
4.345852407983885257e+01
4.249166819263871275e+01
4.192034425929317365e+01
4.143691631569309664e+01
4.088756637978391950e+01
3.996465848745651073e+01
3.877806262589269437e+01
3.778923274125617837e+01
3.721790880791063927e+01
3.697619483611060076e+01
3.658066288225599294e+01
3.537209302325581461e+01
3.389983519501922871e+01
3.299890130012818190e+01
3.262534334370994316e+01
3.262534334370994316e+01
3.262534334370994316e+01
3.242757736678264280e+01
3.194414942318256578e+01
3.139479948727339220e+01
3.106518952572788805e+01
3.102124153085515346e+01
3.104321552829152253e+01
3.104321552829152253e+01
3.104321552829152253e+01
3.104321552829152253e+01
3.104321552829152253e+01
3.104321552829152253e+01
3.121900750778245737e+01
3.181230543856436555e+01
3.295495330525544375e+01
3.398773118476469790e+01
3.488866507965573760e+01
3.541604101812854566e+01
3.576762497711041533e+01
3.642684490020143073e+01
3.730580479765610846e+01
3.833858267716535551e+01
3.928346456692913335e+01
4.014045046694744201e+01
4.097546236952938870e+01
4.163468229262039699e+01
4.222798022340230517e+01
4.286522614905695150e+01
4.389800402856619144e+01
4.530433986449368433e+01
4.624922175425746218e+01
4.684251968503937036e+01
4.728199963376670922e+01
4.798516755173045567e+01
4.886412744918513340e+01
5.009467130562168080e+01
5.139113715436732832e+01
5.227009705182200605e+01
5.290734297747665238e+01
5.376432887749496103e+01
5.484105475187694623e+01
5.598370261856803154e+01
5.677476652627723297e+01
5.749990844167734849e+01
5.833492034425928807e+01
5.906006225965940359e+01
6.004889214429591959e+01
6.114759201611426676e+01
6.189470792895074425e+01
6.261984984435085266e+01
6.387236769822376914e+01
6.488317158029664711e+01
6.541054751876944806e+01
6.622358542391503988e+01
6.732228529573337994e+01
6.826716718549715779e+01
6.921204907526094985e+01
6.969547701886101265e+01
7.046456692913386632e+01
7.158524079838858256e+01
7.233235671122506005e+01
7.288170664713422298e+01
7.376066654458890071e+01
7.470554843435269277e+01
7.518897637795276978e+01
7.589214429591649491e+01
7.699084416773484918e+01
7.745229811389855001e+01
7.789177806262588888e+01
7.896850393700788118e+01
7.980351583958982076e+01
8.000128181651712111e+01
8.059457974729903640e+01
8.131972166269913771e+01
8.171525361655375264e+01
8.226460355246291556e+01
8.301171946529939305e+01
8.360501739608130833e+01
8.382475737044497066e+01
8.422028932429958559e+01
8.487950924739058678e+01
8.516517121406336344e+01
8.529701519868156367e+01
8.578044314228164069e+01
8.641768906793626570e+01
8.676927302691814248e+01
8.716480498077274319e+01
8.758231093206373430e+01
8.797784288591833501e+01
8.824153085515473549e+01
8.863706280900933621e+01
8.923036073979125149e+01
8.951602270646401394e+01
8.975773667826405244e+01
9.008734663980956725e+01
9.032906061160959155e+01
9.068064457059146832e+01
9.127394250137338361e+01
9.158157846548252223e+01
9.162552646035524617e+01
9.162552646035524617e+01
9.193316242446438480e+01
9.210895440395532319e+01
9.219685039370078528e+01
9.226277238600988539e+01
9.226277238600988539e+01
9.228474638344626158e+01
9.228474638344626158e+01
9.228474638344626158e+01
9.228474638344626158e+01
9.228474638344626158e+01
9.224079838857352343e+01
9.213092840139168516e+01
9.206500640908258504e+01
9.191118842702802283e+01
9.158157846548252223e+01
9.122999450650064546e+01
9.094433253982786880e+01
9.054880058597325387e+01
9.021919062442776749e+01
8.986760666544589071e+01
8.940615271928217567e+01
8.892272477568209865e+01
8.863706280900933621e+01
8.819758286028201155e+01
8.769218091924555836e+01
8.736257095770005776e+01
8.690111701153634272e+01
8.639571507049990373e+01
8.593426112433620290e+01
8.540688518586338773e+01
8.485753524995422481e+01
8.441805530122688594e+01
8.382475737044497066e+01
8.331935542940854589e+01
8.277000549349935454e+01
8.204486357809925323e+01
8.136366965757187586e+01
8.094616370628091317e+01
8.013312580113532135e+01
7.942995788317158201e+01
7.916626991393516732e+01
7.888060794726240488e+01
7.815546603186228936e+01
7.743032411646218804e+01
7.659531221388024846e+01
7.576030031129829467e+01
7.505713239333455533e+01
7.428804248306170166e+01
7.349697857535250023e+01
7.257407068302508435e+01
7.167313678813403044e+01
7.110181285478850555e+01
7.064035890862479050e+01
6.993719099066105116e+01
6.875059512909723480e+01
6.782768723676981892e+01
6.697070133675151737e+01
6.631148141366050197e+01
6.556436550082402448e+01
6.455356161875114651e+01
6.360867972898736156e+01
6.264182384178721463e+01
6.180681193920527505e+01
6.112561801867789768e+01
6.024665812122321995e+01
5.919190624427760383e+01
5.822505035707745691e+01
5.728016846731367906e+01
5.633528657754989410e+01
5.519263871085881590e+01
5.415986083134956885e+01
5.334682292620399124e+01
5.255575901849478271e+01
5.167679912104010498e+01
5.064402124153085083e+01
4.947939937740341065e+01
4.862241347738509489e+01
4.772147958249404809e+01
4.701831166453030164e+01
4.631514374656656230e+01
4.543618384911188457e+01
4.440340596960263753e+01
4.339260208752975245e+01
4.277733015931148230e+01
4.222798022340230517e+01
4.156876030031129687e+01
4.055795641823841891e+01
3.952517853872917186e+01
3.869016663614722518e+01
3.805292071049258595e+01
3.763541475920160906e+01
3.684435085149240052e+01
3.594341695660135372e+01
3.508643105658304506e+01
3.447115912836476781e+01
3.407562717451015999e+01
3.374601721296465939e+01
3.348232924372825181e+01
3.308679728987365110e+01
3.242757736678264280e+01
3.201007141549166590e+01
3.194414942318256578e+01
3.194414942318256578e+01
3.196612342061893486e+01
3.196612342061893486e+01
3.196612342061893486e+01
3.196612342061893486e+01
3.198809741805530038e+01
3.196612342061893486e+01
3.211994140267350417e+01
3.238362937190990465e+01
3.280113532320088154e+01
3.337245925654642065e+01
3.403167917963742894e+01
3.493261307452847575e+01
3.567972898736495324e+01
3.655868888481963097e+01
3.743764878227430870e+01
3.829463468229262446e+01
3.904175059512909485e+01
3.970097051822010314e+01
4.040413843618384959e+01
4.115125434902032708e+01
4.198626625160227377e+01
4.293114814136605162e+01
4.385405603369346750e+01
4.482091192089360732e+01
4.580974180553012332e+01
4.668870170298480105e+01
4.736989562351217842e+01
4.796319355429408660e+01
4.875425746200329513e+01
4.980900933894891125e+01
5.092968320820362749e+01
5.205035707745834372e+01
5.310510895440395984e+01
5.369840688518586092e+01
5.451144479033143853e+01
5.561014466214979279e+01
5.662094854422267076e+01
5.743398644936824837e+01
5.831294634682292610e+01
5.881834828785936509e+01
5.943362021607764234e+01
6.066416407251418974e+01
6.213642190075077565e+01
6.294945980589635326e+01
6.310327778795092257e+01
6.310327778795092257e+01
6.501501556491484735e+01
6.602581944698772531e+01
6.705859732649697946e+01
6.800347921626075731e+01
6.864072514191539653e+01
6.934389305987915009e+01
7.022285295733382782e+01
7.129957883171580590e+01
7.217853872917048363e+01
7.281578465482513707e+01
7.345303058047976208e+01
7.422212049075261575e+01
7.516700238051637939e+01
7.589214429591649491e+01
7.639754623695293390e+01
7.716663614722578757e+01
7.789177806262588888e+01
7.857297198315328046e+01
7.938600988829884386e+01
8.011115180369895938e+01
8.052865775498992207e+01
8.109998168833547538e+01
8.162735762680827634e+01
8.219868156015381544e+01
8.292382347555393096e+01
8.349514740889947007e+01
8.380278337300860869e+01
8.424226332173594756e+01
8.465976927302691024e+01
8.523109320637246356e+01
8.575846914484526451e+01
8.593426112433620290e+01
8.652755905511810397e+01
8.694506500640908087e+01
8.720875297564549555e+01
8.762625892693645824e+01
8.821955685771837352e+01
8.859311481413661227e+01
8.887877678080937471e+01
8.912049075260941322e+01
8.958194469877311406e+01
9.006537264237319107e+01
9.024116462186412946e+01
9.048287859366416797e+01
9.083446255264604474e+01
9.129591649880974558e+01
9.169144845266434629e+01
9.180131843984618456e+01
9.206500640908258504e+01
9.254843435268266205e+01
9.257040835011902402e+01
9.263633034242812414e+01
9.268027833730086229e+01
9.292199230910090080e+01
9.296594030397362474e+01
9.303186229628273907e+01
9.307581029115547722e+01
9.309778428859183919e+01
9.309778428859183919e+01
9.309778428859183919e+01
9.309778428859183919e+01
9.309778428859183919e+01
9.309778428859183919e+01
9.309778428859183919e+01
9.309778428859183919e+01
9.294396630653726277e+01
9.272422633217360044e+01
9.250448635780992390e+01
9.221882439113714724e+01
9.191118842702802283e+01
9.166947445522798432e+01
9.131789049624610755e+01
9.092235854239150683e+01
9.043893059879144403e+01
9.013129463468229119e+01
8.988958066288225268e+01
8.947207471159129000e+01
8.896667277055485101e+01
8.861508881157297424e+01
8.813166086797289722e+01
8.767020692180919639e+01
8.734059696026369579e+01
8.687914301409998075e+01
8.639571507049990373e+01
8.578044314228164069e+01
8.534096319355430182e+01
8.496740523713606308e+01
8.435213330891778583e+01
8.375883537813587054e+01
8.312158945248123132e+01
8.250631752426295407e+01
8.202288958066287705e+01
8.147353964475371413e+01
8.083629371909907491e+01
8.017707379600805950e+01
7.938600988829884386e+01
7.872678996520784267e+01
7.841915400109868983e+01
7.797967405237136518e+01
7.721058414209852572e+01
7.646346822926204823e+01
7.576030031129829467e+01
7.503515839589817915e+01
7.415619849844350142e+01
7.327723860098882369e+01
7.239827870353414596e+01
7.149734480864310626e+01
7.083812488555210507e+01
7.022285295733382782e+01
6.934389305987915009e+01
6.835506317524263409e+01
6.747610327778795636e+01
6.659714338033327863e+01
6.565226149056948657e+01
6.468540560336934675e+01
6.393828969053286926e+01
6.310327778795092257e+01
6.218036989562351380e+01
6.143325398278703631e+01
6.088390404687785917e+01
6.000494414942318144e+01
5.897216626991393440e+01
5.785149240065921816e+01
5.679674052371360915e+01
5.604962461087713166e+01
5.508276872367697763e+01
5.398406885185863757e+01
5.297326496978575250e+01
5.207233107489470569e+01
5.130324116462186623e+01
5.049020325947628862e+01
4.941347738509430343e+01
4.833675151071231824e+01
4.741384361838490946e+01
4.699633766709393967e+01
4.638106573887566242e+01
4.552407983885734666e+01
4.427156198498443018e+01
4.334865409265702141e+01
4.282127815418421335e+01
4.220600622596593610e+01
4.156876030031129687e+01
4.071177440029298822e+01
3.994268449002014165e+01
3.908569859000183300e+01
3.825068668741988631e+01
3.748159677714704685e+01
3.662461087712873109e+01
3.633894891045596154e+01
3.574565097967405336e+01
3.519630104376487623e+01
3.403167917963742894e+01
3.288903131294634363e+01
3.181230543856436555e+01
3.139479948727339220e+01
3.139479948727339220e+01
3.139479948727339220e+01
3.130690349752792656e+01
3.110913752060062265e+01
3.091137154367331874e+01
3.071360556674601838e+01
3.049386559238234895e+01
3.018622962827321032e+01
2.994451565647317182e+01
2.994451565647317182e+01
2.994451565647317182e+01
2.994451565647317182e+01
2.994451565647317182e+01
2.994451565647317182e+01
2.994451565647317182e+01
2.994451565647317182e+01
2.994451565647317182e+01
2.994451565647317182e+01
2.994451565647317182e+01
2.994451565647317182e+01
2.992254165903680629e+01
2.992254165903680629e+01
2.992254165903680629e+01
2.992254165903680629e+01
2.994451565647317182e+01
2.994451565647317182e+01
2.994451565647317182e+01
2.992254165903680629e+01
2.992254165903680629e+01
2.994451565647317182e+01
2.994451565647317182e+01
2.992254165903680629e+01
2.994451565647317182e+01
2.994451565647317182e+01
2.994451565647317182e+01
2.994451565647317182e+01
2.994451565647317182e+01
2.992254165903680629e+01
2.992254165903680629e+01
2.994451565647317182e+01
2.992254165903680629e+01
2.992254165903680629e+01
2.992254165903680629e+01
2.994451565647317182e+01
2.992254165903680629e+01
2.992254165903680629e+01
2.994451565647317182e+01
2.994451565647317182e+01
2.994451565647317182e+01
2.992254165903680629e+01
2.992254165903680629e+01
2.994451565647317182e+01
2.996648965390954089e+01
3.001043764878227549e+01
2.998846365134590641e+01
3.001043764878227549e+01
3.001043764878227549e+01
3.001043764878227549e+01
3.001043764878227549e+01
3.001043764878227549e+01
3.005438564365501009e+01
3.005438564365501009e+01
3.009833363852774113e+01
3.016425563083684125e+01
3.025215162058231044e+01
3.034004761032777964e+01
3.038399560520051068e+01
3.042794360007324528e+01
3.049386559238234895e+01
3.064768357443691826e+01
3.093334554110968782e+01
3.097729353598241886e+01
3.099926753341878793e+01
3.099926753341878793e+01
3.102124153085515346e+01
3.106518952572788805e+01
3.108716352316425713e+01
3.113111151803698817e+01
3.113111151803698817e+01
3.110913752060062265e+01
3.113111151803698817e+01
3.113111151803698817e+01
3.113111151803698817e+01
3.110913752060062265e+01
3.113111151803698817e+01
3.095531953854605334e+01
3.018622962827321032e+01
2.921937374107306340e+01
2.834041384361838567e+01
2.812067386925471624e+01
2.801080388207288152e+01
2.790093389489104680e+01
2.790093389489104680e+01
2.790093389489104680e+01
2.790093389489104680e+01
2.781303790514557761e+01
2.759329793078190818e+01
2.728566196667276955e+01
2.700000000000000000e+01
2.700000000000000000e+01
2.700000000000000000e+01
2.700000000000000000e+01
2.700000000000000000e+01
