9.004339864493682910e+01
9.004339864493682910e+01
9.004339864493682910e+01
9.004339864493682910e+01
9.004339864493682910e+01
9.004339864493682910e+01
9.004339864493682910e+01
9.004339864493682910e+01
9.004339864493682910e+01
9.004339864493682910e+01
9.004339864493682910e+01
9.004339864493682910e+01
9.004339864493682910e+01
9.004339864493682910e+01
9.004339864493682910e+01
9.004339864493682910e+01
9.004339864493682910e+01
9.004339864493682910e+01
9.004339864493682910e+01
9.004339864493682910e+01
9.004339864493682910e+01
9.002142464750045292e+01
9.004339864493682910e+01
9.004339864493682910e+01
9.004339864493682910e+01
9.004339864493682910e+01
9.002142464750045292e+01
9.002142464750045292e+01
9.002142464750045292e+01
9.002142464750045292e+01
9.004339864493682910e+01
9.004339864493682910e+01
9.004339864493682910e+01
9.002142464750045292e+01
9.002142464750045292e+01
9.004339864493682910e+01
9.002142464750045292e+01
9.004339864493682910e+01
9.002142464750045292e+01
9.002142464750045292e+01
9.002142464750045292e+01
9.002142464750045292e+01
9.002142464750045292e+01
9.002142464750045292e+01
9.004339864493682910e+01
9.002142464750045292e+01
9.004339864493682910e+01
9.004339864493682910e+01
9.002142464750045292e+01
9.002142464750045292e+01
9.002142464750045292e+01
9.004339864493682910e+01
9.002142464750045292e+01
9.002142464750045292e+01
9.004339864493682910e+01
9.002142464750045292e+01
9.002142464750045292e+01
9.002142464750045292e+01
9.004339864493682910e+01
9.004339864493682910e+01
9.002142464750045292e+01
9.002142464750045292e+01
9.002142464750045292e+01
9.002142464750045292e+01
9.002142464750045292e+01
9.002142464750045292e+01
9.002142464750045292e+01
9.002142464750045292e+01
9.002142464750045292e+01
9.002142464750045292e+01
9.002142464750045292e+01
9.002142464750045292e+01
9.002142464750045292e+01
9.002142464750045292e+01
9.002142464750045292e+01
9.002142464750045292e+01
9.004339864493682910e+01
9.002142464750045292e+01
9.004339864493682910e+01
9.002142464750045292e+01
9.002142464750045292e+01
9.004339864493682910e+01
9.004339864493682910e+01
9.004339864493682910e+01
9.004339864493682910e+01
9.004339864493682910e+01
9.004339864493682910e+01
9.004339864493682910e+01
9.004339864493682910e+01
9.004339864493682910e+01
9.004339864493682910e+01
9.004339864493682910e+01
9.004339864493682910e+01
9.004339864493682910e+01
9.004339864493682910e+01
9.004339864493682910e+01
9.004339864493682910e+01
9.004339864493682910e+01
9.004339864493682910e+01
9.004339864493682910e+01
9.004339864493682910e+01
9.004339864493682910e+01
9.004339864493682910e+01
9.004339864493682910e+01
9.004339864493682910e+01
9.004339864493682910e+01
9.004339864493682910e+01
9.004339864493682910e+01
9.004339864493682910e+01
9.004339864493682910e+01
9.004339864493682910e+01
9.004339864493682910e+01
9.004339864493682910e+01
9.004339864493682910e+01
9.004339864493682910e+01
9.004339864493682910e+01
9.006537264237319107e+01
9.006537264237319107e+01
9.006537264237319107e+01
9.008734663980956725e+01
9.008734663980956725e+01
9.008734663980956725e+01
9.008734663980956725e+01
9.008734663980956725e+01
9.008734663980956725e+01
9.008734663980956725e+01
9.008734663980956725e+01
9.008734663980956725e+01
9.008734663980956725e+01
9.010932063724592922e+01
9.008734663980956725e+01
9.010932063724592922e+01
9.010932063724592922e+01
9.010932063724592922e+01
9.008734663980956725e+01
9.010932063724592922e+01
9.010932063724592922e+01
9.010932063724592922e+01
9.010932063724592922e+01
9.008734663980956725e+01
9.008734663980956725e+01
9.008734663980956725e+01
9.006537264237319107e+01
9.004339864493682910e+01
9.004339864493682910e+01
9.002142464750045292e+01
8.999945065006409095e+01
8.999945065006409095e+01
8.999945065006409095e+01
8.999945065006409095e+01
8.999945065006409095e+01
8.999945065006409095e+01
8.999945065006409095e+01
8.997747665262772898e+01
8.991155466031862886e+01
8.988958066288225268e+01
8.997747665262772898e+01
9.010932063724592922e+01
9.028511261673685340e+01
9.037300860648232970e+01
9.037300860648232970e+01
9.039498260391869167e+01
9.041695660135505364e+01
9.048287859366416797e+01
9.059274858084600623e+01
9.074656656290056844e+01
9.087841054751876868e+01
9.092235854239150683e+01
9.096630653726424498e+01
9.092235854239150683e+01
9.024116462186412946e+01
8.898864676799121298e+01
8.756033693462735812e+01
8.573649514740890254e+01
8.360501739608130833e+01
8.202288958066287705e+01
8.035286577549899789e+01
7.795770005493500321e+01
7.595806628822560924e+01
7.389251052920710094e+01
7.136550082402490602e+01
6.855282915216993445e+01
6.501501556491484735e+01
6.211444790331441368e+01
5.960941219556857362e+01
5.675279252884087100e+01
5.376432887749496103e+01
5.132521516205822820e+01
4.811701153634865591e+01
4.479893792345724535e+01
4.211811023622047401e+01
3.950320454129280279e+01
3.666855887200146924e+01
3.368009522065555927e+01
3.168046145394616531e+01
3.034004761032777964e+01
2.992254165903680629e+01
3.001043764878227549e+01
3.025215162058231044e+01
3.029609961545504504e+01
3.029609961545504504e+01
3.029609961545504504e+01
3.029609961545504504e+01
3.029609961545504504e+01
3.027412561801867952e+01
3.027412561801867952e+01
3.029609961545504504e+01
3.027412561801867952e+01
3.025215162058231044e+01
3.018622962827321032e+01
3.007635964109137561e+01
2.998846365134590641e+01
2.990056766160044077e+01
2.990056766160044077e+01
2.990056766160044077e+01
2.990056766160044077e+01
2.990056766160044077e+01
2.992254165903680629e+01
2.992254165903680629e+01
2.992254165903680629e+01
2.992254165903680629e+01
2.992254165903680629e+01
2.992254165903680629e+01
2.992254165903680629e+01
2.992254165903680629e+01
2.992254165903680629e+01
2.992254165903680629e+01
2.992254165903680629e+01
2.998846365134590641e+01
3.016425563083684125e+01
3.023017762314594492e+01
3.020820362570957585e+01
3.018622962827321032e+01
3.018622962827321032e+01
3.018622962827321032e+01
3.018622962827321032e+01
3.018622962827321032e+01
3.018622962827321032e+01
3.018622962827321032e+01
3.018622962827321032e+01
3.016425563083684125e+01
3.016425563083684125e+01
3.012030763596411020e+01
3.009833363852774113e+01
3.005438564365501009e+01
2.998846365134590641e+01
2.994451565647317182e+01
2.994451565647317182e+01
2.994451565647317182e+01
2.994451565647317182e+01
2.994451565647317182e+01
2.994451565647317182e+01
2.994451565647317182e+01
2.994451565647317182e+01
2.994451565647317182e+01
2.994451565647317182e+01
2.994451565647317182e+01
2.994451565647317182e+01
2.994451565647317182e+01
2.994451565647317182e+01
2.994451565647317182e+01
2.994451565647317182e+01
2.994451565647317182e+01
2.996648965390954089e+01
2.994451565647317182e+01
2.994451565647317182e+01
2.996648965390954089e+01
2.994451565647317182e+01
2.998846365134590641e+01
3.001043764878227549e+01
3.005438564365501009e+01
3.005438564365501009e+01
3.005438564365501009e+01
3.005438564365501009e+01
3.007635964109137561e+01
3.007635964109137561e+01
3.005438564365501009e+01
3.007635964109137561e+01
3.007635964109137561e+01
3.025215162058231044e+01
3.110913752060062265e+01
3.216388939754623522e+01
3.321864127449185133e+01
3.376799121040102136e+01
3.385588720014649056e+01
3.389983519501922871e+01
3.370206921809192124e+01
3.253744735396447396e+01
3.062570957700054919e+01
2.919739974363669788e+01
2.757132393334554266e+01
2.671433803332723045e+01
2.616498809741805687e+01
2.614301409998168779e+01
2.642867606665445734e+01
2.697802600256363448e+01
2.700000000000000000e+01
2.700000000000000000e+01
2.700000000000000000e+01
2.700000000000000000e+01
