9.002142464750045292e+01
9.002142464750045292e+01
9.002142464750045292e+01
9.002142464750045292e+01
9.002142464750045292e+01
9.002142464750045292e+01
9.002142464750045292e+01
9.002142464750045292e+01
9.002142464750045292e+01
9.002142464750045292e+01
9.002142464750045292e+01
9.002142464750045292e+01
9.002142464750045292e+01
9.002142464750045292e+01
9.002142464750045292e+01
9.002142464750045292e+01
9.002142464750045292e+01
9.002142464750045292e+01
9.002142464750045292e+01
9.002142464750045292e+01
9.002142464750045292e+01
9.002142464750045292e+01
9.002142464750045292e+01
9.002142464750045292e+01
9.002142464750045292e+01
9.002142464750045292e+01
9.002142464750045292e+01
9.002142464750045292e+01
9.002142464750045292e+01
9.002142464750045292e+01
9.002142464750045292e+01
9.002142464750045292e+01
9.002142464750045292e+01
9.002142464750045292e+01
9.002142464750045292e+01
9.002142464750045292e+01
9.002142464750045292e+01
9.002142464750045292e+01
9.002142464750045292e+01
9.002142464750045292e+01
9.002142464750045292e+01
9.002142464750045292e+01
9.002142464750045292e+01
9.002142464750045292e+01
9.002142464750045292e+01
9.002142464750045292e+01
9.002142464750045292e+01
9.002142464750045292e+01
9.002142464750045292e+01
9.002142464750045292e+01
9.002142464750045292e+01
9.002142464750045292e+01
9.002142464750045292e+01
9.002142464750045292e+01
9.002142464750045292e+01
9.002142464750045292e+01
9.002142464750045292e+01
9.004339864493682910e+01
9.004339864493682910e+01
9.004339864493682910e+01
9.004339864493682910e+01
9.004339864493682910e+01
9.004339864493682910e+01
9.004339864493682910e+01
9.004339864493682910e+01
9.004339864493682910e+01
9.004339864493682910e+01
9.004339864493682910e+01
9.004339864493682910e+01
9.004339864493682910e+01
9.004339864493682910e+01
9.004339864493682910e+01
9.004339864493682910e+01
9.004339864493682910e+01
9.004339864493682910e+01
9.004339864493682910e+01
9.004339864493682910e+01
9.004339864493682910e+01
9.004339864493682910e+01
9.004339864493682910e+01
9.006537264237319107e+01
9.004339864493682910e+01
9.004339864493682910e+01
9.004339864493682910e+01
9.004339864493682910e+01
9.006537264237319107e+01
9.006537264237319107e+01
9.006537264237319107e+01
9.006537264237319107e+01
9.006537264237319107e+01
9.006537264237319107e+01
9.006537264237319107e+01
9.006537264237319107e+01
9.006537264237319107e+01
9.008734663980956725e+01
9.008734663980956725e+01
9.008734663980956725e+01
9.010932063724592922e+01
9.010932063724592922e+01
9.010932063724592922e+01
9.010932063724592922e+01
9.010932063724592922e+01
9.010932063724592922e+01
9.013129463468229119e+01
9.013129463468229119e+01
9.013129463468229119e+01
9.015326863211865316e+01
9.015326863211865316e+01
9.015326863211865316e+01
9.017524262955502934e+01
9.017524262955502934e+01
9.019721662699139131e+01
9.019721662699139131e+01
9.019721662699139131e+01
9.019721662699139131e+01
9.021919062442776749e+01
9.019721662699139131e+01
9.019721662699139131e+01
9.019721662699139131e+01
9.019721662699139131e+01
9.021919062442776749e+01
9.021919062442776749e+01
9.019721662699139131e+01
9.019721662699139131e+01
9.019721662699139131e+01
9.019721662699139131e+01
9.021919062442776749e+01
9.021919062442776749e+01
9.021919062442776749e+01
9.019721662699139131e+01
9.021919062442776749e+01
9.019721662699139131e+01
9.017524262955502934e+01
9.013129463468229119e+01
9.010932063724592922e+01
9.013129463468229119e+01
9.010932063724592922e+01
9.010932063724592922e+01
9.013129463468229119e+01
9.013129463468229119e+01
9.013129463468229119e+01
9.013129463468229119e+01
9.010932063724592922e+01
8.999945065006409095e+01
8.962589269364585221e+01
8.872495879875481251e+01
8.795586888848195883e+01
8.725270097051821949e+01
8.659348104742721830e+01
8.604413111151804117e+01
8.520911920893610159e+01
8.408844533968138535e+01
8.279197949093573072e+01
8.160538362937191437e+01
8.116590368064457550e+01
8.070444973448086046e+01
7.940798388573522004e+01
7.802362204724408912e+01
7.657333821644387228e+01
7.545266434718917026e+01
7.428804248306170166e+01
7.294762863944333731e+01
7.178300677531586871e+01
7.094799487273392913e+01
7.024482695477018979e+01
6.897033510346091134e+01
6.721241530855155588e+01
6.538857352133308609e+01
6.424592565464200788e+01
6.332301776231459201e+01
6.213642190075077565e+01
6.059824208020508962e+01
5.886229628273210324e+01
5.701648049807727148e+01
5.556619666727705464e+01
5.391814685954953745e+01
5.244588903131294444e+01
5.156692913385826671e+01
5.068796923640358898e+01
4.936952939022157238e+01
4.794121955685771752e+01
4.613935176707562391e+01
4.464511994140266893e+01
4.385405603369346750e+01
4.299707013367515174e+01
4.170060428492949711e+01
3.967899652078374118e+01
3.847042666178355574e+01
3.770133675151070918e+01
3.669053286943783121e+01
3.524024903863761438e+01
3.357022523347372100e+01
3.190020142830983474e+01
3.097729353598241886e+01
3.049386559238234895e+01
3.014228163340047573e+01
3.007635964109137561e+01
3.007635964109137561e+01
3.007635964109137561e+01
3.009833363852774113e+01
3.007635964109137561e+01
3.009833363852774113e+01
3.009833363852774113e+01
3.007635964109137561e+01
3.009833363852774113e+01
3.009833363852774113e+01
3.007635964109137561e+01
3.007635964109137561e+01
3.007635964109137561e+01
3.007635964109137561e+01
3.009833363852774113e+01
3.007635964109137561e+01
3.007635964109137561e+01
3.007635964109137561e+01
3.007635964109137561e+01
3.007635964109137561e+01
3.007635964109137561e+01
3.007635964109137561e+01
3.007635964109137561e+01
3.007635964109137561e+01
3.007635964109137561e+01
3.007635964109137561e+01
3.007635964109137561e+01
3.007635964109137561e+01
3.005438564365501009e+01
3.003241164621864101e+01
3.001043764878227549e+01
2.998846365134590641e+01
2.996648965390954089e+01
2.994451565647317182e+01
2.990056766160044077e+01
2.987859366416407170e+01
2.981267167185497158e+01
2.976872367698223698e+01
2.972477568210950238e+01
2.965885368980040226e+01
2.959293169749130215e+01
2.954898370261856755e+01
2.950503570774583295e+01
2.946108771287310191e+01
2.943911371543673283e+01
2.941713971800036731e+01
2.939516572056399824e+01
2.939516572056399824e+01
2.939516572056399824e+01
2.939516572056399824e+01
2.939516572056399824e+01
2.939516572056399824e+01
2.939516572056399824e+01
2.939516572056399824e+01
2.939516572056399824e+01
2.941713971800036731e+01
2.961490569492766767e+01
2.990056766160044077e+01
3.007635964109137561e+01
3.020820362570957585e+01
3.040596960263687976e+01
3.047189159494597988e+01
3.049386559238234895e+01
3.049386559238234895e+01
3.051583958981871447e+01
3.051583958981871447e+01
3.053781358725507999e+01
3.058176158212781459e+01
3.060373557956418367e+01
3.060373557956418367e+01
3.060373557956418367e+01
3.064768357443691826e+01
3.071360556674601838e+01
3.086742354880058770e+01
3.095531953854605334e+01
3.099926753341878793e+01
3.110913752060062265e+01
3.121900750778245737e+01
3.128492950009155749e+01
3.128492950009155749e+01
3.126295550265519196e+01
3.128492950009155749e+01
3.126295550265519196e+01
3.126295550265519196e+01
3.095531953854605334e+01
3.009833363852774113e+01
2.877989379234572453e+01
2.772514191540010842e+01
2.728566196667276955e+01
2.726368796923640403e+01
2.726368796923640403e+01
2.721973997436366943e+01
2.708789598974546919e+01
2.700000000000000000e+01
2.700000000000000000e+01
2.700000000000000000e+01
2.700000000000000000e+01
2.697802600256363448e+01
2.697802600256363448e+01
2.697802600256363448e+01
2.700000000000000000e+01
2.697802600256363448e+01
2.697802600256363448e+01
2.700000000000000000e+01
