8.329970548750174064e-01
8.651292760253666003e-01
8.973558998895583283e-01
9.297480625039039603e-01
9.621633811738572462e-01
9.945369882304526676e-01
1.026835285550517618e+00
1.059316812005805630e+00
1.091125503390802054e+00
1.123651150768767204e+00
1.156024757825382832e+00
1.188599870623906929e+00
1.220973477680522778e+00
1.253483232850204354e+00
1.285615454003663505e+00
1.318118283352063935e+00
1.350643930730029307e+00
1.383072085523661343e+00
1.415624436317051593e+00
1.448163777434312127e+00
1.480322016777396499e+00
1.512824846125796929e+00
1.545356913000640819e+00
1.577946535566212560e+00
1.610489902153552588e+00
1.642754886435660033e+00
1.675259989451208131e+00
1.707767396399363147e+00
1.740299463274207037e+00
1.772926704486227356e+00
1.805479055279617606e+00
1.837991217537229716e+00
1.870543568330619966e+00
1.903118681129144285e+00
1.935614736419765336e+00
1.968137434437054356e+00
2.000608878853658013e+00
2.033171699795776277e+00
2.065729080244341542e+00
2.098318702809913283e+00
2.130850769684757395e+00
2.163394136272097423e+00
2.196091014951229159e+00
2.228756373986568118e+00
2.264452752880367292e+00
2.297069340290647688e+00
2.329632161232764176e+00
2.362200877152506262e+00
2.394915679671703046e+00
2.427671290131428350e+00
2.460287877541682544e+00
2.492894694039639258e+00
2.525366138456141663e+00
2.558121748915819005e+00
2.590836551434867019e+00
2.623516988365063973e+00
2.656133575774465516e+00
2.688798934808076524e+00
2.721692418650797585e+00
2.754357777674047547e+00
2.787038214577514328e+00
2.819816987503827477e+00
2.852468521900013876e+00
2.884951340091436833e+00
2.918430114420929478e+00
2.951437859251127893e+00
2.984152657978589751e+00
3.016804175377723940e+00
3.049278293652851968e+00
3.082109631589826648e+00
3.115208624055189279e+00
3.147566250740516214e+00
3.180197320436128461e+00
3.212812364548917721e+00
3.243013019494575655e+00
3.276107014452680488e+00
3.304648846859999267e+00
3.337862697532641754e+00
3.363705427687804672e+00
3.394722288395977117e+00
3.411262809852116717e+00
3.436518076232026431e+00
3.442781629182444014e+00
3.449148618061023797e+00
3.465541645754917521e+00
3.459807812679830619e+00
3.453784507385383229e+00
3.447309406005842458e+00
3.447879483488045071e+00
3.421924506674925759e+00
3.395580543116941907e+00
3.368514179815441434e+00
3.340874075372752827e+00
3.312094445831790246e+00
3.281304517953882449e+00
3.249305329655648222e+00
3.216995971195915960e+00
3.184539935386483389e+00
3.152068138445257794e+00
3.119451833159098797e+00
3.087028588597046763e+00
3.054567476309530960e+00
3.022128216208261886e+00
2.989431341006340670e+00
2.956973966880029003e+00
2.924545816296221457e+00
2.891956195432388910e+00
2.859507262061298238e+00
2.827085293611089067e+00
2.794522473233320703e+00
2.762139245283648403e+00
2.729500385007322283e+00
2.697020222191711891e+00
2.664012476668993656e+00
2.631437365223162406e+00
2.599085280174247004e+00
2.566541914275566771e+00
2.534002574100479244e+00
2.501689329065400536e+00
2.469120613490411120e+00
2.436572922227277616e+00
2.404029556426514613e+00
2.371637394880729666e+00
2.339127640085847837e+00
2.306595573567832957e+00
2.273997722153501044e+00
2.241415659905177549e+00
2.208852840365158610e+00
2.176570608482315983e+00
2.144053394112332533e+00
2.111527747329955851e+00
2.078995681146101671e+00
2.046443331208889660e+00
2.013880511517784910e+00
1.981377684123017513e+00
1.948845618932844026e+00
1.916306279904017140e+00
1.883783584656729904e+00
1.851248003630150851e+00
1.818719244884558162e+00
1.786216420487355183e+00
1.753713595324781549e+00
1.721201436641922600e+00
1.688653748336970128e+00
1.656290508504776771e+00
1.623785407044246343e+00
1.591270764950475591e+00
1.558750872650240149e+00
1.526193493732323381e+00
1.493650129458947706e+00
1.461137970380089524e+00
1.428635144157674564e+00
1.396112448829951669e+00
1.363530388791152292e+00
1.330923577792674006e+00
1.298384257283951682e+00
1.265876908107411936e+00
1.233337608732993473e+00
1.200780362387760647e+00
1.168218356874409558e+00
1.135840257838320877e+00
1.103330553473573117e+00
1.070801832590177360e+00
1.038249569849228893e+00
1.005515471685271445e+00
9.728154668860177212e-01
9.414202425691096110e-01
9.089421325272154517e-01
8.764555798363441452e-01
8.437212659368260592e-01
8.112089104988587929e-01
7.777305526184594697e-01
7.446143273378532657e-01
7.139624218303076697e-01
6.815748149375040477e-01
6.495334405764093821e-01
6.208891759386213627e-01
5.875663316212303977e-01
5.593035161272978950e-01
5.268799496897494938e-01
5.054436022017787522e-01
4.840072547138079551e-01
4.560704074669171826e-01
4.434268278255516504e-01
4.303588124523438641e-01
4.074079564049598590e-01
4.140559861267208985e-01
4.354519405538919696e-01
4.620551816038698800e-01
4.866832130951323498e-01
5.190530402525582732e-01
5.514531976680119296e-01
5.837803395778902171e-01
6.160453219143848802e-01
6.484189284794348307e-01
6.807321745856900197e-01
7.130842618254537024e-01
7.454363490959550198e-01
7.777634993889285253e-01
8.101371064443642078e-01
8.434384535336477695e-01
8.756650773969146817e-01
9.079115506959750670e-01
9.402098480159568616e-01
9.726631478203897618e-01
1.005097058166809276e+00
1.037449145450811239e+00
1.069927962426171497e+00
1.101864178680809214e+00
1.134407545268149242e+00
1.166482379857740614e+00
1.199017964000166359e+00
1.231410126614665090e+00
1.263917533562820106e+00
1.296199767601402764e+00
1.328797619457606327e+00
1.361340986044946355e+00
1.393473207198405506e+00
1.425976036546805936e+00
1.458515377664066470e+00
1.490898606488136657e+00
1.523467322407881186e+00
1.555999389282725076e+00
1.588495444573346127e+00
1.620996016919398208e+00
1.653336092961095849e+00
1.685925715526667590e+00
1.718478066320057840e+00
1.750995281256741087e+00
1.783509924736555341e+00
1.816041991611399231e+00
1.848624054673181361e+00
1.881171746492601660e+00
1.913711087609862194e+00
1.946268468058427681e+00
1.978794115436393053e+00
2.011157360376840675e+00
2.043746982942412416e+00
2.076315698862157166e+00
2.108897761923939296e+00
2.141433346066365040e+00
2.173968930208790784e+00
2.206683732727992009e+00
2.239322593300841380e+00
2.273824174384138530e+00
2.306489533419477045e+00
2.339079155985047453e+00
2.371744515020384192e+00
2.404459317539580532e+00
2.437098178112417912e+00
2.469680241174174729e+00
2.502307482386151527e+00
2.534787645824635671e+00
2.567996134151380172e+00
2.600710936670361573e+00
2.633425739189018344e+00
2.666077273755718569e+00
2.698693861163069307e+00
2.731472634146379530e+00
2.764251407119728832e+00
2.796948285755866070e+00
2.829587146225612582e+00
2.862321480842242583e+00
2.894804298852557523e+00
2.927665452891560438e+00
2.960421062264052772e+00
2.993072593942743165e+00
3.025876561807488763e+00
3.058364197941328744e+00
3.091078954638882603e+00
3.123971603080951454e+00
3.156399154742371316e+00
3.189188098760684653e+00
3.221845170892475352e+00
3.251724412540589970e+00
3.284806739159662481e+00
3.313553776352957669e+00
3.346606910017710934e+00
3.371913388401323264e+00
3.402744626313429332e+00
3.417846903501072120e+00
3.442557443149313112e+00
3.448265593961686637e+00
3.453498607950237886e+00
3.469177482156622361e+00
3.462975382413236769e+00
3.458833067785523241e+00
3.451382859314196416e+00
3.451370209753761298e+00
3.425120028240450587e+00
3.397850476527445096e+00
3.370481466247281510e+00
3.343067741508681134e+00
3.313593553293532779e+00
3.282468166574124879e+00
3.250345265106362902e+00
3.217967761525970083e+00
3.185589583766924360e+00
3.153162306713371610e+00
3.120358353938885276e+00
3.087885527345645365e+00
3.055436758811116871e+00
3.022992500174646935e+00
2.990375916367698839e+00
2.957936653918500358e+00
2.925471828309344602e+00
2.892844588742930156e+00
2.860429273424875074e+00
2.828028816674590828e+00
2.795481125318332261e+00
2.763041854817911425e+00
2.730327052585273417e+00
2.697986977247078144e+00
2.665370390046700511e+00
2.632476906610920153e+00
2.600032638201854152e+00
2.567475258337228894e+00
2.534943192344492058e+00
2.502569586371858446e+00
2.470006765786074254e+00
2.437467425225141593e+00
2.404944727944330118e+00
2.372617578463927401e+00
2.340054757758009529e+00
2.307511391539425638e+00
2.274979325169109057e+00
2.242439984677063070e+00
2.209922770568045092e+00
2.177539542607156875e+00
2.144976721958075760e+00
2.112413901473352951e+00
2.079896687250829768e+00
2.047386932831671835e+00
2.014851349403768754e+00
1.982328652301685867e+00
1.949799890546546344e+00
1.917247540984879928e+00
1.884718780002964555e+00
1.852201567226264833e+00
1.819698740148049554e+00
1.787173094727259937e+00
1.754583474431988366e+00
1.722044137427838795e+00
1.689552696368940454e+00
1.657420479072235109e+00
1.624891717094055776e+00
1.592362955276015679e+00
1.559800135490066797e+00
1.527256770708127265e+00
1.494747018011204798e+00
1.462241917348891862e+00
1.429748150416289665e+00
1.397208810883020735e+00
1.364610961122991517e+00
1.332013113176660823e+00
1.299505715155997221e+00
1.266980075479616330e+00
1.234422705258162001e+00
1.201795498781148552e+00
1.169233384685835375e+00
1.136955570855826103e+00
1.104450485571558005e+00
1.071907131899289434e+00
1.039290579353443045e+00
1.006594013837887713e+00
9.740776910710142733e-01
9.419156763799004795e-01
9.094174521143599810e-01
8.768697998566100660e-01
8.439413337458031572e-01
8.114391102201242711e-01
7.782796651646941566e-01
7.459931789155214155e-01
7.152953588767996251e-01
6.826392187792269528e-01
6.493131749605685066e-01
6.203885777409885449e-01
5.870528308927241978e-01
5.611112955766721644e-01
5.299053958048126622e-01
5.137314035124258549e-01
4.975574112200390475e-01
4.722019276572683721e-01
4.661218752613474625e-01
4.600418228654265529e-01
4.405582130726117263e-01
4.413351334510394741e-01
4.481592385280274149e-01
4.664739962551792685e-01
4.829519761376164788e-01
5.153572472814065275e-01
5.478521012678255753e-01
5.803492542513482011e-01
6.128066311860561610e-01
6.416625127073373180e-01
6.740778311137012313e-01
7.063910772789091519e-01
7.386177011161484396e-01
7.709309473753739317e-01
8.032710234152650175e-01
8.372675046539891364e-01
8.695658019712029230e-01
9.018307862525479779e-01
9.342389482135359247e-01
9.666221770375343914e-01
9.988686503369395009e-01
1.031026889680018099e+00
1.063513530416066999e+00
1.095645751569525483e+00
1.128171398947490633e+00
1.160586717617497099e+00
1.193139068410887349e+00
1.225452314676631849e+00
1.257959721624786864e+00
1.290241955663369522e+00
1.322744785011769952e+00
1.355302165460335440e+00
1.387770394853029998e+00
1.420277801801185014e+00
1.452787556970866589e+00
1.485161164027482439e+00
1.517673326285094548e+00
1.550208910427520292e+00
1.582761261220910542e+00
1.615264090569310973e+00
1.647577336835055695e+00
1.680100034852344715e+00
1.712591481628745749e+00
1.745148862077311236e+00
1.778010016475976007e+00
1.810494145800902954e+00
1.842994718146955035e+00
1.875773491136011772e+00
1.908336312078130037e+00
1.940841415093678135e+00
1.973458002503959419e+00
2.005798078545657059e+00
2.038317972255388799e+00
2.071121947277748010e+00
2.103802384208323772e+00
2.136325082225612793e+00
2.168818851254051161e+00
2.201338744963782901e+00
2.233936596819986242e+00
2.284356973790203860e+00
2.317008508358252783e+00
2.349544092500676751e+00
2.382258895019875755e+00
2.414865711517880875e+00
2.447418062311261799e+00
2.480152397144055776e+00
2.512931170133077874e+00
2.545408563857934681e+00
2.578060098425926316e+00
2.610740535356376846e+00
2.643634019202669272e+00
2.676240835699769782e+00
2.708955638217243944e+00
2.741652516892098657e+00
2.774386851714665259e+00
2.807190826710847187e+00
2.839829687209544762e+00
2.872526565733106274e+00
2.905023735537715535e+00
2.937738537761075630e+00
2.970403896063289473e+00
3.003265048822596928e+00
3.036020654082248527e+00
3.068503413631495036e+00
3.101218202489767872e+00
3.134270295488324365e+00
3.166734811375335301e+00
3.199646592752836138e+00
3.232354787048468125e+00
3.261900355415190411e+00
3.295065099607943360e+00
3.323768391194496630e+00
3.356856748006150859e+00
3.381381833726357478e+00
3.411661793607884352e+00
3.425515264814388061e+00
3.449427638619804615e+00
3.454241078690577282e+00
3.458389914054157188e+00
3.473022693082357115e+00
3.467086349437267678e+00
3.461150823033598112e+00
3.449776575610700835e+00
3.444184182616400580e+00
3.417716569620573352e+00
3.390165108114674197e+00
3.362745994642426517e+00
3.334625400978191934e+00
3.303406599518923681e+00
3.271198206815288945e+00
3.238964990797109866e+00
3.206650630228770726e+00
3.174209045319941858e+00
3.141737689515931020e+00
3.108982091581781404e+00
3.076529326160376776e+00
3.044076052317723047e+00
3.011647902925500553e+00
2.979041088535554493e+00
2.946592156196206069e+00
2.914143221664329264e+00
2.881477863508072890e+00
2.849038594324241114e+00
2.816725348913468263e+00
2.784127497296684517e+00
2.751670111152566989e+00
2.719117760579849552e+00
2.686637597463506832e+00
2.653776443267135576e+00
2.621207727960675360e+00
2.588844484000789148e+00
2.556308900170594534e+00
2.523773316428073343e+00
2.491433240892893419e+00
2.458885549224740785e+00
2.426342182851289220e+00
2.393794491324472862e+00
2.361394033706527562e+00
2.328858449713034684e+00
2.296326383028947316e+00
2.263769002816727216e+00
2.231243355795795580e+00
2.198728712730208201e+00
2.166336550534003980e+00
2.133788858861268345e+00
2.101245492481337074e+00
2.068716729982584379e+00
2.036191082944896813e+00
2.003651742222400500e+00
1.971119675870137700e+00
1.938609921348053877e+00
1.906077855089757023e+00
1.873525505060305019e+00
1.841002808159593718e+00
1.808499980064463664e+00
1.775994878129747434e+00
1.743459294950718830e+00
1.710896475242209114e+00
1.678373779151639766e+00
1.646399712382380143e+00
1.613899140413135758e+00
1.581370377945084948e+00
1.548763561823823132e+00
1.516224221423818630e+00
1.483712060115691234e+00
1.451211488703698649e+00
1.418699327225622753e+00
1.386136507050294675e+00
1.353546885681189194e+00
1.320999195994827291e+00
1.288491792072725461e+00
1.255959727981719842e+00
1.223320870872278920e+00
1.190655521079674761e+00
1.158123598226789008e+00
1.126114207333950734e+00
1.093615892284052871e+00
1.061009078714727938e+00
1.028312206045826072e+00
9.956469097954747660e-01
9.631317321422520061e-01
9.313726817681401426e-01
8.988499885521268329e-01
8.660943836057284351e-01
8.328859380249031830e-01
8.004057126710102388e-01
7.677284604418345149e-01
7.351436946632079472e-01
7.030202393066229405e-01
6.697636213365277813e-01
6.363253275926080699e-01
6.074007303730281082e-01
5.741683504715394681e-01
5.480617517845971509e-01
5.166267964756277031e-01
5.006979046843316183e-01
4.837438506874778277e-01
4.581824345961573175e-01
4.488541000027079231e-01
4.431841395987988208e-01
4.310593060187757342e-01
4.447088911293586300e-01
4.665768591489293238e-01
4.909370259579772244e-01
5.097034888837657096e-01
5.420555311629483564e-01
5.744385355909681357e-01
6.068017737738875539e-01
6.390482451938759301e-01
6.712748686041244417e-01
7.036149445381956191e-01
7.360488548526035180e-01
7.684641735090369519e-01
8.007774197696057028e-01
8.329096409216557584e-01
8.658967366392493759e-01
8.980549759813503119e-01
9.303682222468833141e-01
9.628364516395185868e-01
9.952853880462255720e-01
1.027677550660709205e+00
1.059613766915342703e+00
1.092095293370631603e+00
1.124031509625269543e+00
1.156546153105083796e+00
1.188954315066264922e+00
1.221570902476546205e+00
1.253869199796617817e+00
1.286365255087238868e+00
1.318523494430323240e+00
1.351052257212854268e+00
1.383691117785703639e+00
1.416064724842319489e+00
1.448569827857867587e+00
1.481074930873415685e+00
1.513280287323422790e+00
1.545827979142843089e+00
1.578425830999046653e+00
1.610945724708778393e+00
1.643453131656933630e+00
1.675658488106940736e+00
1.708159060452992817e+00
1.740716440901558304e+00
1.773314292757761867e+00
1.805871673206327355e+00
1.838400435988858383e+00
1.870920329698590123e+00
1.903452396573434013e+00
1.936034459635216143e+00
1.968597280577334407e+00
2.001154661025899895e+00
2.033494737067597757e+00
2.066023499850128786e+00
2.098662360422978157e+00
2.131359239102109893e+00
2.163879132811841632e+00
2.196381962160241841e+00
2.229020822733091212e+00
2.261735625252292436e+00
2.299665111221750102e+00
2.332247174283531788e+00
2.364829237345313029e+00
2.397445824755592536e+00
2.430027887817371557e+00
2.462693246852705187e+00
2.495524625254884388e+00
2.528239427774049641e+00
2.560667582567592859e+00
2.593364461246688180e+00
2.625971277744610699e+00
2.658726888204180128e+00
2.691558266605933003e+00
2.724238703535224904e+00
2.756877564105095324e+00
2.789574442777976948e+00
2.822254879693574914e+00
2.855086258061130700e+00
2.888238677858425252e+00
2.920721496037339548e+00
2.953401932716886336e+00
2.986116734654479465e+00
3.019045290444275498e+00
3.051876664046113241e+00
3.084348040960949611e+00
3.117103640676410325e+00
3.149934829578016071e+00
3.182379060426408390e+00
3.215645566107372400e+00
3.248488450770830926e+00
3.278689105716488861e+00
3.311783100674593694e+00
3.340438824995580536e+00
3.373540137847955034e+00
3.399382868003117952e+00
3.430531674763987571e+00
3.446289811306185058e+00
3.471850112750656248e+00
3.478113665701073831e+00
3.484762406650586009e+00
3.501368680032132641e+00
3.494643988834483128e+00
3.488448879884471499e+00
3.481391847866289524e+00
3.481089661636370458e+00
3.455613227010045918e+00
3.428947511676639692e+00
3.401275150895142652e+00
3.374150953457198288e+00
3.345030175650680615e+00
3.313996545480303535e+00
3.282080748167560902e+00
3.249725057260768324e+00
3.217259355722299929e+00
3.184819112549109654e+00
3.152167715204617693e+00
3.119722551118679466e+00
3.087300726081732893e+00
3.054832504226463463e+00
3.022076897362462766e+00
2.989623615433414372e+00
2.957215458169199174e+00
2.924588218657978800e+00
2.892130835552813028e+00
2.859790761223508060e+00
2.827215648936120207e+00
2.794725401546432675e+00
2.762135779593636986e+00
2.729837483349670357e+00
2.697058710651713209e+00
2.664343908929070803e+00
2.631943452865732613e+00
2.599391102784016638e+00
2.566847737236745530e+00
2.534495651361392987e+00
2.501943301002310882e+00
2.469374585717099002e+00
2.436817206292297922e+00
2.404453962884201879e+00
2.371931265354827456e+00
2.339405618524587727e+00
2.306842798217745738e+00
2.274267686410661682e+00
2.241728346947246209e+00
2.209522992638859762e+00
2.176997345757596403e+00
2.144461762191421705e+00
2.111918396342097992e+00
2.079370705532304076e+00
2.046850813250389312e+00
2.014336171321485125e+00
1.981810525520675714e+00
1.949258176557022271e+00
1.916695358293198925e+00
1.884192533203125297e+00
1.851682781667217004e+00
1.819175378170944990e+00
1.786665626172784238e+00
1.754139981810986626e+00
1.721627823068159868e+00
1.689422469996485265e+00
1.656917367759123128e+00
1.624428293236822807e+00
1.591865472785420232e+00
1.559283410489396005e+00
1.526751344934794030e+00
1.494228648553839633e+00
1.461714006911148056e+00
1.429161657985637435e+00
1.396613968901364133e+00
1.364081905939085848e+00
1.331583592208441358e+00
1.299066381186640973e+00
1.266459568815887282e+00
1.233808044862161557e+00
1.201191624567897076e+00
1.168929586114322516e+00
1.136435829452332014e+00
1.103921193092322728e+00
1.071314383907253642e+00
1.038420942659610491e+00
1.005708056009188889e+00
9.741613870099852246e-01
9.417060850171155018e-01
9.091804475628473270e-01
8.764461269023062773e-01
8.439333290956669842e-01
8.104547961518999699e-01
7.774572372247054997e-01
7.461346130929467080e-01
7.136687398071546173e-01
6.816219731027965967e-01
6.528542570911154419e-01
6.194246947337921361e-01
5.910515328913544808e-01
5.585760256883434138e-01
5.370127709035138475e-01
5.154495161186842811e-01
4.875694600984513127e-01
4.751268509307706167e-01
4.586464451745639326e-01
4.348660509676067210e-01
4.502491353192310530e-01
4.737269911201438255e-01
5.019432048626458753e-01
5.285962300341809916e-01
5.609688328299223814e-01
5.932667349456534067e-01
6.254249685256448865e-01
6.576714406790938883e-01
6.899846866655306998e-01
7.223118368852955440e-01
7.547199988242349056e-01
7.871481536095802367e-01
8.195634722761870883e-01
8.517217116179920389e-01
8.844275086262813890e-01
9.166739819250432353e-01
9.491021367185110691e-01
9.815633584625780284e-01
1.013955521077042121e+00
1.046253818397101742e+00
1.078107426396244684e+00
1.110588952851534028e+00
1.142887250171605196e+00
1.175469313233387325e+00
1.207782559499131825e+00
1.240287662514679923e+00
1.272297394483208111e+00
1.304840761070548139e+00
1.337223989894618326e+00
1.369759574037044070e+00
1.402316954485609557e+00
1.434522310935616662e+00
1.467025140284017093e+00
1.499577491077407343e+00
1.531960719901477530e+00
1.564447360637527540e+00
1.596959522895139649e+00
1.629586764107159969e+00
1.662126105224420503e+00
1.694200939814012097e+00
1.726720833523743837e+00
1.759240727233475576e+00
1.791892261801525166e+00
1.824439953620945465e+00
1.856940525966997546e+00
1.889492876760387796e+00
1.922109464170669080e+00
1.954638226953200109e+00
1.987158120662931848e+00
2.019809655230981438e+00
2.052201817845480392e+00
2.084704647193880600e+00
2.117370006229219559e+00
2.150050443159795321e+00
2.182555546175343419e+00
2.215091130317769164e+00
2.248057704987695971e+00
2.280655556843899312e+00
2.315618176474907752e+00
2.348332978994108533e+00
2.380949566404388928e+00
2.413501917197777402e+00
2.446099769053978523e+00
2.479028326278888361e+00
2.511743128798074043e+00
2.544318241596559727e+00
2.576801060161203250e+00
2.609901495874317412e+00
2.642553030442214013e+00
2.675135093503663519e+00
2.707890703962827050e+00
2.740605506480514819e+00
2.773302385155897998e+00
2.806017187666120183e+00
2.838878342042606029e+00
2.871593144494717809e+00
2.904190996184495610e+00
2.936673814442900099e+00
2.969567298090876939e+00
3.002346070459343874e+00
3.035239552612505776e+00
3.067995157420316588e+00
3.100423235195065796e+00
3.133227203894260349e+00
3.166561031305602736e+00
3.199055385627586290e+00
3.231884198754744197e+00
3.264662557339095716e+00
3.294211935137175473e+00
3.327272750637682019e+00
3.356089664784434934e+00
3.389053780117400994e+00
3.413578865837607612e+00
3.443858825719134487e+00
3.457712296925638196e+00
3.481624670731054749e+00
3.486782736380523939e+00
3.492292187051409424e+00
3.504757001868119115e+00
3.497412453784668251e+00
3.489392406846422379e+00
3.477280365606710166e+00
3.469119025116496946e+00
3.442360886839050949e+00
3.415069059979370714e+00
3.387231035106455401e+00
3.357794253300868892e+00
3.326405823348095758e+00
3.294139943158040484e+00
3.261813927526415746e+00
3.229390072213221163e+00
3.196913562353498328e+00
3.164456277577501364e+00
3.131817426976331475e+00
3.099360166524273374e+00
3.066915907887803439e+00
3.034476640328912733e+00
3.001796204962775771e+00
2.969368053824178677e+00
2.936919118905680914e+00
2.904302532193876907e+00
2.871919304733943967e+00
2.839518847165136251e+00
2.806821968652358557e+00
2.774481893005697586e+00
2.741919072181534300e+00
2.709433697750361247e+00
2.676602319471615754e+00
2.644044939385030268e+00
2.611661711103586914e+00
2.579126127145424885e+00
2.546590543239003246e+00
2.514198380924683285e+00
2.481650689210527894e+00
2.449107322772029693e+00
2.416584624958389771e+00
2.384302391144788036e+00
2.351695574705906733e+00
2.319030215782941884e+00
2.286467395093258137e+00
2.253973626458809054e+00
2.221450928739439501e+00
2.189137682803678153e+00
2.156562570097589226e+00
2.124010219458353443e+00
2.091498057426043111e+00
2.058978163937999817e+00
2.026460949242110843e+00
1.993925365352742674e+00
1.961356649757002968e+00
1.928827887497348126e+00
1.896320481176119621e+00
1.863803266816979276e+00
1.831283373714233331e+00
1.798763480663804426e+00
1.766265162675829670e+00
1.733755408084295402e+00
1.701216067517435038e+00
1.668863980954653270e+00
1.636335218394539659e+00
1.603825463491543202e+00
1.571329408454745336e+00
1.538797341778245009e+00
1.506271694646086790e+00
1.473708873989066470e+00
1.441146053491951129e+00
1.408617291404226979e+00
1.376107537067640996e+00
1.343595375603172215e+00
1.311005753817499953e+00
1.278389167795628278e+00
1.245814057734425662e+00
1.213301900176591008e+00
1.180792149620117470e+00
1.148465003633598824e+00
1.115882941790635741e+00
1.083186065209099658e+00
1.050642703916009779e+00
1.018117064967849705e+00
9.855850095647776810e-01
9.531630602955181164e-01
9.204482617621601026e-01
8.876695086355091968e-01
8.548088452107406310e-01
8.224367741453736391e-01
7.898655592081041954e-01
7.571347532553102111e-01
7.248842650441124080e-01
6.914513514341084077e-01
6.580174123081573567e-01
6.294841888522455520e-01
5.968630009361651778e-01
5.748411290842652122e-01
5.464982039826568050e-01
5.369001088990555948e-01
5.242542994395773537e-01
5.011572384481244313e-01
5.007290892496178980e-01
5.033657163909670551e-01
4.987414796276835038e-01
5.222824733735927927e-01
5.502030424310738743e-01
5.812164442037579537e-01
6.084907932377935369e-01
6.408040349192193341e-01
6.731776407387295436e-01
7.055858022954545339e-01
7.379779647596775849e-01
7.703515717640325722e-01
8.026787220441446991e-01
8.349251953387551994e-01
8.671901796196930245e-01
8.994168034842372483e-01
9.316221599341759640e-01
9.656186411734108965e-01
9.980190992024302599e-01
1.030447253996031654e+00
1.062799341280026066e+00
1.094931562433481664e+00
1.126974853985846403e+00
1.159018145538211808e+00
1.191525552486366824e+00
1.223953707279998859e+00
1.256493048397259393e+00
1.288567882986850988e+00
1.321080045244463097e+00
1.353420121286160960e+00
1.385948884068691989e+00
1.418397820475431725e+00
1.450987443041003466e+00
1.483476518256590548e+00
1.514583068288086087e+00
1.547122409405346621e+00
1.580174699537820082e+00
1.612688071486273689e+00
1.644961977247714202e+00
1.677474139505326312e+00
1.709983894675007887e+00
1.742503788384739627e+00
1.774919107054746314e+00
1.807481927996864579e+00
1.840010690779395608e+00
1.872515793794943706e+00
1.905044556577474735e+00
1.937626619639256864e+00
1.970208682701038994e+00
2.002756374520459293e+00
2.035276268230191032e+00
2.067833648678756298e+00
2.100472509251605668e+00
2.132835754192053290e+00
2.165393134640618555e+00
2.197961850560363306e+00
2.230501191677623840e+00
2.263058572126189105e+00
2.295755450805320841e+00
2.328362267303330846e+00
2.360989508515351165e+00
2.397451853848715064e+00
2.430009234297280329e+00
2.462616050795290334e+00
2.495420025817649545e+00
2.528100462748224864e+00
2.560797341427354823e+00
2.593404157925360387e+00
2.626031399137372269e+00
2.658526295922821969e+00
2.691124147779012432e+00
2.723821026458120187e+00
2.756682180856727449e+00
2.789379059535684657e+00
2.821976911391468779e+00
2.854711246223506471e+00
2.887542624623730347e+00
2.920436108464574687e+00
2.953101467481949793e+00
2.985753002009696733e+00
3.018247898707587140e+00
3.051141382487242648e+00
3.083896992737767739e+00
3.116562351218964189e+00
3.149277152496169130e+00
3.181778830197741215e+00
3.214639981989850792e+00
3.247291505403894440e+00
3.279802252952946251e+00
3.313071071093371067e+00
3.346429483593069243e+00
3.378154795339157523e+00
3.411326280783284481e+00
3.440143113675905528e+00
3.473276873458315706e+00
3.501771576584455037e+00
3.534555169595477775e+00
3.557237503618526642e+00
3.586083991861811260e+00
3.597170784535072663e+00
3.608257577208334066e+00
3.630252300832650381e+00
3.631856154413983795e+00
3.635938336466858267e+00
3.638541984616748159e+00
3.648731726799004260e+00
3.635050731871325436e+00
3.618149407679642326e+00
3.596207377336499977e+00
3.572106562869450386e+00
3.546251064513367801e+00
3.519798605556515803e+00
3.492385900167526813e+00
3.464094275730801531e+00
3.434667894683949729e+00
3.403509909989400395e+00
3.370903076728686276e+00
3.340294030919999102e+00
3.308309916748242596e+00
3.275945252019725196e+00
3.243263099784139403e+00
3.211053648152906170e+00
3.178730405356299027e+00
3.146050626274944584e+00
3.113646259129237759e+00
3.081229205718811759e+00
3.048631450105845797e+00
3.016217476075014226e+00
2.983627878309319748e+00
2.951174838999305550e+00
2.918558267210316526e+00
2.885976416376184517e+00
2.853570446134233052e+00
2.821027112851403729e+00
2.788452119649923233e+00
2.755973061551953318e+00
2.723292773881989426e+00
2.690747857936488074e+00
2.658201182310603983e+00
2.625952944007258427e+00
2.593396758732237739e+00
2.560872428368989429e+00
2.528350634447816159e+00
2.495826297191162446e+00
2.463311383058025772e+00
2.431054877891500876e+00
2.398466380729625147e+00
2.365946865340049499e+00
2.333448093055766837e+00
2.300924924957164386e+00
2.268412087012495082e+00
2.235932598568148855e+00
2.203470002207353673e+00
2.170960126320613082e+00
2.138596904606135496e+00
2.106418488930251964e+00
2.074305962248744084e+00
2.042702501335686538e+00
2.013055054731324844e+00
1.984082411155475123e+00
1.954954605795095057e+00
1.926956785055092158e+00
1.894486545944718214e+00
1.862254661549697099e+00
1.830089055641283213e+00
1.797803024838575014e+00
1.765483450563465118e+00
1.733228485592392065e+00
1.701368991107426343e+00
1.670081839521161848e+00
1.638559059215169977e+00
1.606803023722601198e+00
1.575076372140915559e+00
1.544141582159322956e+00
1.514430159921447361e+00
1.486780611058439172e+00
1.457400785367598095e+00
1.430202602211696705e+00
1.399260314385895043e+00
1.368446005035045765e+00
1.338787616279048853e+00
1.308772462366905698e+00
1.279486813826021363e+00
1.255628378100612563e+00
1.225450129257869225e+00
1.195761410748642284e+00
1.163691281802894384e+00
1.138759448623257731e+00
1.107782660010607545e+00
1.080600494398133993e+00
1.059125978606316298e+00
1.029564461316030188e+00
9.978135138816295324e-01
9.688581459181104805e-01
9.355771493542152095e-01
9.089381384597551294e-01
8.782113543656038246e-01
8.588336437887661434e-01
8.366307422402347038e-01
8.075263746123002573e-01
7.939463073403180138e-01
7.760560022495081034e-01
7.475702337629006600e-01
7.371153271038012322e-01
7.266604204447018045e-01
7.162055137856023768e-01
6.946746153994576289e-01
6.937607471347420063e-01
6.928468788700263836e-01
6.919330106053107610e-01
6.910191423405951383e-01
6.901052740758795156e-01
6.891914058111638930e-01
6.886398255868838580e-01
6.873664276409761076e-01
6.860930296950683571e-01
6.848196317491606067e-01
6.831847138914273199e-01
6.822708456267116972e-01
6.813569773619960745e-01
6.808053971377160396e-01
6.795319991918082891e-01
6.778970813340750023e-01
6.769832130693593797e-01
6.764316328450793447e-01
6.747967149873460579e-01
6.738828467226304353e-01
6.729689784579148126e-01
6.720551101931991900e-01
6.711412419284835673e-01
6.705896617042035324e-01
6.693162637582957819e-01
6.676813459005624951e-01
6.671297656762824602e-01
6.658563677303747097e-01
6.645829697844669592e-01
6.629480519267336724e-01
6.623964717024536375e-01
6.611230737565458870e-01
6.594881558988126002e-01
6.585742876340969776e-01
6.576604193693813549e-01
6.571088391451013200e-01
6.558354411991935695e-01
6.542005233414602827e-01
6.529247042726062933e-01
6.516484100941898339e-01
6.521831241242704857e-01
6.516302899168114893e-01
6.518025282036848944e-01
6.519747664905582996e-01
6.521470047774317047e-01
6.523192430643051098e-01
6.517670044587948741e-01
6.526628456983681881e-01
6.528344438664593907e-01
6.533635009812561734e-01
6.545902401066212573e-01
6.571602002193680514e-01
6.616672189056921338e-01
6.666343869055831872e-01
6.716802297379206310e-01
6.760915488160356146e-01
6.797813634841061159e-01
6.882226182537960479e-01
6.973201470000408575e-01
7.069460033915463404e-01
7.163586912163081299e-01
7.258864311094861410e-01
7.362708770805636016e-01
7.467651609630447940e-01
7.583502367413829104e-01
7.701595772633728076e-01
7.811957144396216579e-01
7.927807902179597743e-01
8.043658659962978907e-01
8.161752065182877880e-01
8.272113436945366383e-01
8.409730391217802303e-01
8.606744662993287553e-01
8.733774037510932953e-01
8.745584767647471836e-01
8.583823497187786922e-01
8.384694821953130317e-01
8.170410980930927769e-01
7.943456010651501753e-01
7.716501040372075737e-01
7.489546070092649721e-01
7.263801085215592090e-01
7.031442258980947768e-01
6.784440604919593776e-01
6.520746746100077873e-01
6.236073063116166493e-01
5.951399380132255112e-01
5.666725697148343732e-01
5.382052014164432352e-01
