2.853506565093994141e+00
2.854050397872924805e+00
2.854594230651855469e+00
2.855138063430786133e+00
2.855681896209716797e+00
2.856225728988647461e+00
2.856769561767578125e+00
2.857313394546508789e+00
2.857857227325439453e+00
2.858401060104370117e+00
2.858944892883300781e+00
2.859488725662231445e+00
2.860032558441162109e+00
2.860576391220092773e+00
2.861120223999023438e+00
2.861664056777954102e+00
2.862207889556884766e+00
2.862751722335815430e+00
2.863295555114746094e+00
2.863839387893676758e+00
2.864383220672607422e+00
2.864927053451538086e+00
2.865470886230468750e+00
2.866014719009399414e+00
2.866558551788330078e+00
2.867102384567260742e+00
2.867646217346191406e+00
2.868190050125122070e+00
2.868733882904052734e+00
2.869277715682983398e+00
2.869821548461914062e+00
2.870365381240844727e+00
2.870909214019775391e+00
2.871453046798706055e+00
2.871996879577636719e+00
2.872540712356567383e+00
2.873084545135498047e+00
2.873628377914428711e+00
2.874172210693359375e+00
2.874716043472290039e+00
2.875259876251220703e+00
2.875803709030151367e+00
2.876347541809082031e+00
2.876891374588012695e+00
2.877435207366943359e+00
2.877979040145874023e+00
2.878522872924804688e+00
2.879066705703735352e+00
2.879610538482666016e+00
2.880154371261596680e+00
2.880698204040527344e+00
2.881242036819458008e+00
2.881785869598388672e+00
2.882329702377319336e+00
2.882873535156250000e+00
2.883417367935180664e+00
2.883961200714111328e+00
2.883947372436523438e+00
2.885047912597656250e+00
2.886148452758789062e+00
2.887248992919921875e+00
2.888349533081054688e+00
2.889450073242187500e+00
2.890550613403320312e+00
2.891651153564453125e+00
2.892751693725585938e+00
2.893852233886718750e+00
2.894952774047851562e+00
2.896053314208984375e+00
2.897153854370117188e+00
2.898254394531250000e+00
2.899354934692382812e+00
2.900455474853515625e+00
2.901556015014648438e+00
2.902656555175781250e+00
2.903757095336914062e+00
2.904857635498046875e+00
2.905958175659179688e+00
2.907058715820312500e+00
2.908159255981445312e+00
2.908702135086059570e+00
2.910913944244384766e+00
2.912014484405517578e+00
2.913115024566650391e+00
2.914215564727783203e+00
2.914758443832397461e+00
2.916413784027099609e+00
2.918069124221801758e+00
2.919724464416503906e+00
2.921379804611206055e+00
2.923035144805908203e+00
2.924690485000610352e+00
2.926345825195312500e+00
2.928001165390014648e+00
2.929099321365356445e+00
2.931306123733520508e+00
2.933512926101684570e+00
2.935163259506225586e+00
2.937917470932006836e+00
2.940671682357788086e+00
2.943425893783569336e+00
2.946180105209350586e+00
2.948934316635131836e+00
2.951132774353027344e+00
2.954429388046264648e+00
2.957726001739501953e+00
2.960467576980590820e+00
2.964300394058227539e+00
2.968133211135864258e+00
2.971412181854248047e+00
2.975774288177490234e+00
2.979583740234375000e+00
2.984467029571533203e+00
2.989350318908691406e+00
2.994233608245849609e+00
2.998565673828125000e+00
3.004509210586547852e+00
3.009392499923706055e+00
3.014275789260864258e+00
3.019159078598022461e+00
3.023491144180297852e+00
3.028886795043945312e+00
3.034830331802368164e+00
3.039713621139526367e+00
3.044596910476684570e+00
3.049480199813842773e+00
3.053812265396118164e+00
3.059207916259765625e+00
3.064603567123413086e+00
3.070547103881835938e+00
3.074879169464111328e+00
3.080822706222534180e+00
3.086255550384521484e+00
3.091717243194580078e+00
3.095567703247070312e+00
3.097766160964965820e+00
3.101616621017456055e+00
3.104370832443237305e+00
3.106569290161132812e+00
3.109865903854370117e+00
3.113162517547607422e+00
3.116459131240844727e+00
3.120309591293334961e+00
3.125808238983154297e+00
3.134161233901977539e+00
3.142861366271972656e+00
3.133252143859863281e+00
3.104316711425781250e+00
3.066255807876586914e+00
3.025614500045776367e+00
2.982817888259887695e+00
2.936505794525146484e+00
2.887755632400512695e+00
2.838623046875000000e+00
2.788682699203491211e+00
2.738748311996459961e+00
2.689961671829223633e+00
2.641524553298950195e+00
2.593501329421997070e+00
2.544203996658325195e+00
2.495013236999511719e+00
2.446392774581909180e+00
2.397202014923095703e+00
2.347467899322509766e+00
2.297633886337280273e+00
2.248770475387573242e+00
2.204376697540283203e+00
2.161146879196166992e+00
2.111901044845581055e+00
2.062262535095214844e+00
2.013129949569702148e+00
1.965850591659545898e+00
1.921097993850708008e+00
1.878282308578491211e+00
1.830259203910827637e+00
1.784227371215820312e+00
1.736371159553527832e+00
1.686681509017944336e+00
1.636991858482360840e+00
1.588286280632019043e+00
1.540107965469360352e+00
1.496476411819458008e+00
1.448799371719360352e+00
1.399026870727539062e+00
1.349314212799072266e+00
1.300527691841125488e+00
1.261313080787658691e+00
1.212242126464843750e+00
1.162452578544616699e+00
1.112940907478332520e+00
1.064917802810668945e+00
1.019181966781616211e+00
9.734460711479187012e-01
9.238076210021972656e-01
8.738794922828674316e-01
8.239187598228454590e-01
7.739091515541076660e-01
7.238885760307312012e-01
6.738680005073547363e-01
6.238435506820678711e-01
5.238435268402099609e-01
5.252181291580200195e-01
5.276992917060852051e-01
5.307358503341674805e-01
5.321104526519775391e-01
5.345916152000427246e-01
5.376281738281250000e-01
5.395596623420715332e-01
5.414911508560180664e-01
5.434226393699645996e-01
5.447972416877746582e-01
5.478338003158569336e-01
5.497652888298034668e-01
5.516967773437500000e-01
5.536282658576965332e-01
5.555597543716430664e-01
5.574912428855895996e-01
5.594227313995361328e-01
5.613542199134826660e-01
5.632857084274291992e-01
5.652171969413757324e-01
5.671486854553222656e-01
5.690801739692687988e-01
5.710116624832153320e-01
5.734993815422058105e-01
5.754344463348388672e-01
5.768141746520996094e-01
5.776368379592895508e-01
5.779017210006713867e-01
5.776091814041137695e-01
5.773174166679382324e-01
5.753651261329650879e-01
5.739769935607910156e-01
5.704315900802612305e-01
5.658565163612365723e-01
5.608414411544799805e-01
5.544275641441345215e-01
5.464900135993957520e-01
5.380167365074157715e-01
5.290442109107971191e-01
5.191624164581298828e-01
5.090605020523071289e-01
4.987472593784332275e-01
4.877793490886688232e-01
4.768114387989044189e-01
4.658435285091400146e-01
4.548756182193756104e-01
4.439077079296112061e-01
4.329397976398468018e-01
4.219718873500823975e-01
4.110039770603179932e-01
3.995844721794128418e-01
3.848619163036346436e-01
3.709425926208496094e-01
3.641008436679840088e-01
3.627173304557800293e-01
3.629652261734008789e-01
3.704577088356018066e-01
3.796125352382659912e-01
3.894577920436859131e-01
3.988603055477142334e-01
4.089460968971252441e-01
4.185871481895446777e-01
4.280115962028503418e-01
4.383144676685333252e-01
4.492723643779754639e-01
4.602302610874176025e-01
4.702849686145782471e-01
4.802649021148681641e-01
4.889525771141052246e-01
5.001947879791259766e-01
5.133931040763854980e-01
5.266382694244384766e-01
5.422952771186828613e-01
5.610672235488891602e-01
5.823843479156494141e-01
6.040674448013305664e-01
6.245312690734863281e-01
6.462143659591674805e-01
6.670404076576232910e-01
6.933215260505676270e-01
7.241060733795166016e-01
7.478155493736267090e-01
7.445749640464782715e-01
7.088147997856140137e-01
6.665839552879333496e-01
6.240587234497070312e-01
5.818249583244323730e-01
5.399105548858642578e-01
4.970747828483581543e-01
4.532788395881652832e-01
4.094828963279724121e-01
3.656869530677795410e-01
3.220565319061279297e-01
2.781935334205627441e-01
2.343305200338363647e-01
1.903005838394165039e-01
1.466701775789260864e-01
1.028071716427803040e-01
5.877723172307014465e-02
