2.138614185430928183e-01
2.031369607702643854e-01
1.939997315625280883e-01
1.880446397447629037e-01
1.819324493128508247e-01
1.898473787130155466e-01
2.191939106487593991e-01
2.418321388928418303e-01
2.761753307817340630e-01
2.923962977387501994e-01
3.354865748684345284e-01
3.644829459277572625e-01
3.925714983292311611e-01
4.132905603977287678e-01
4.396821959949626657e-01
4.430897131359869401e-01
4.815687869405217425e-01
5.287668264964602294e-01
5.740181527054416533e-01
6.222064054500873187e-01
6.583050237221709233e-01
6.861215206454933657e-01
7.025670194122226597e-01
7.236168684404591378e-01
7.697034574729639811e-01
8.190264317112597725e-01
8.697197825033647911e-01
9.202239785841395125e-01
9.687641880636392866e-01
1.011913692288405109e+00
1.041121219549319132e+00
1.060523876593033821e+00
1.073064349056970679e+00
1.107695224635260933e+00
1.145912137814554033e+00
1.169801046963143465e+00
1.215553687951031803e+00
1.262390780338951801e+00
1.310164486762455560e+00
1.360780270821664306e+00
1.410025403129837596e+00
1.457390924931567522e+00
1.503290419349571527e+00
1.547478550238994721e+00
1.584561833195749170e+00
1.612519411219621279e+00
1.648338560924144991e+00
1.679145430805324857e+00
1.728736976529524183e+00
1.779795815847640794e+00
1.832745947255934649e+00
1.887179272806442043e+00
1.941244529540260277e+00
1.993715428715589821e+00
2.046756488733822543e+00
2.099558582926804640e+00
2.152866965878009520e+00
2.206923087748565493e+00
2.264684871697285828e+00
2.323144311841381704e+00
2.381000731548046812e+00
2.434497941775031205e+00
2.490338267624917279e+00
2.543319095818235009e+00
2.575507223273725277e+00
2.632493780552482399e+00
2.683921250717379969e+00
2.732322732562813883e+00
2.784346115897171625e+00
2.835942478375974574e+00
2.887143971728709069e+00
2.938022171008579875e+00
2.985336376016420434e+00
3.033106407391665815e+00
3.068449588325453448e+00
3.105004054297796134e+00
3.135034535774417819e+00
3.154532840545489769e+00
3.174044190064320148e+00
3.194342651097857644e+00
3.201015308364218104e+00
3.203804635662826250e+00
3.205681264438517086e+00
3.207584392058210998e+00
3.208617987110048642e+00
3.208993361665199107e+00
3.208735036656179762e+00
3.208511210834382510e+00
3.208116333090226036e+00
3.194638767313689343e+00
3.199388115984678649e+00
3.184810227664134352e+00
3.159159825556769441e+00
3.123497451851121820e+00
3.104541360051212617e+00
3.067611927255244009e+00
3.036578107466192389e+00
3.011146639231155664e+00
2.967964629423719192e+00
2.949213382451145726e+00
2.904592724361725775e+00
2.868863198026696093e+00
2.823515869953142410e+00
2.779564269047437808e+00
2.735465982373306737e+00
2.692397821177699768e+00
2.672112429929951016e+00
2.629754962403567209e+00
2.586009074543574204e+00
2.542345388848409105e+00
2.507955596157269262e+00
2.463324257526875005e+00
2.418918220871319136e+00
2.374628946888693193e+00
2.330441033311048127e+00
2.292210709030845450e+00
2.247974600809203416e+00
2.203978903740673179e+00
2.159032775900756373e+00
2.115863399813933121e+00
2.071143346940572449e+00
2.026027383105671653e+00
1.980883641061064848e+00
1.936004500078026158e+00
1.931909811544866518e+00
1.886575111285414774e+00
1.843248109312295435e+00
1.808606134628325091e+00
1.785634193793541158e+00
1.776019888673724623e+00
1.769096853819281945e+00
1.740669108296599266e+00
1.710520182490722796e+00
1.669798933005281372e+00
1.627542234256644571e+00
1.584261361363298315e+00
1.541940643390512289e+00
1.499174818361437289e+00
1.458743100795509839e+00
1.415203287379982688e+00
1.370421242426874908e+00
1.326130539697086830e+00
1.283036558169537544e+00
1.239544729144982815e+00
1.202496231667531168e+00
1.157676536663277078e+00
1.113601593260841849e+00
1.072184170734880482e+00
1.029344857128510649e+00
9.855130657261956806e-01
9.409696444720755393e-01
8.954743393201320956e-01
8.515651958853838188e-01
8.300113353567100116e-01
7.861501712936940223e-01
7.410457589471622919e-01
6.962929485016885467e-01
6.482797147962003903e-01
6.036367948957007679e-01
5.590446398012172136e-01
5.153369637271691950e-01
4.686054171457992301e-01
4.247194728932794372e-01
3.805680688066618300e-01
3.359609177287638526e-01
2.980214290555003864e-01
2.612747442842219825e-01
2.316145948749600003e-01
2.139239693490345429e-01
1.962513753887928925e-01
1.697629290779870681e-01
1.719223985694445234e-01
1.741926189880870224e-01
1.764517904479546428e-01
1.786998958203398491e-01
1.809369179194198762e-01
1.831628395022134037e-01
1.853776432685392550e-01
1.875813118609769570e-01
1.897738278648293253e-01
2.173981186422860867e-01
2.069999821465817180e-01
1.934059686230090724e-01
1.818513464318949335e-01
1.755955435152984634e-01
1.802976464799121714e-01
2.130441846622799784e-01
2.417747026660245213e-01
2.788602821925359465e-01
2.996479091341544554e-01
3.402940971782815183e-01
3.687355404230814315e-01
3.976347397976652820e-01
4.152376555951221571e-01
4.400797564275065188e-01
4.513650967057830643e-01
4.888481823542008553e-01
5.362922404987600089e-01
5.738091493882678806e-01
6.238274658568702113e-01
6.716497874549534064e-01
7.126792420728379485e-01
7.358069990740688793e-01
7.534187784007381206e-01
7.825999911622084637e-01
8.340392254446044040e-01
8.894290603074991308e-01
9.411114592254469224e-01
9.891975668447912096e-01
1.029700701224800508e+00
1.054538363140591795e+00
1.060855503079101592e+00
1.062384759516616484e+00
1.094857621061001485e+00
1.136386275655870248e+00
1.178286419448068001e+00
1.225952179183182889e+00
1.271839613442850014e+00
1.321312335035401908e+00
1.371009965757580495e+00
1.419580048518862991e+00
1.467911523395800888e+00
1.515091664981454089e+00
1.561056690262595303e+00
1.600092518076730252e+00
1.620476883055714579e+00
1.658613369521063863e+00
1.687356796753270771e+00
1.737836220299125767e+00
1.787652984985462323e+00
1.837252587705070050e+00
1.892123388330847256e+00
1.945986199955086926e+00
2.003299619210228588e+00
2.059719828822719645e+00
2.113952129753976283e+00
2.169007343353146933e+00
2.220434821957523841e+00
2.278791063995320609e+00
2.336349386644735571e+00
2.393646435131362882e+00
2.447086154915264267e+00
2.503871013558897296e+00
2.557803192382157143e+00
2.596340464567424178e+00
2.653415057362999097e+00
2.704939508556173156e+00
2.754261567131746524e+00
2.806542266778744299e+00
2.857691363139458485e+00
2.907298790004216205e+00
2.957529224777545540e+00
3.003371490630234231e+00
3.049659190799211217e+00
3.080502683004124442e+00
3.112993929071433907e+00
3.140357611439116070e+00
3.157029662154628546e+00
3.173689354368649518e+00
3.192984853886084995e+00
3.197802781877296940e+00
3.199131893900377221e+00
3.200510145987370159e+00
3.201541174275847279e+00
3.202746828333176143e+00
3.202931973774417074e+00
3.202323988509241826e+00
3.200738872161107196e+00
3.198486476982382865e+00
3.186229328312765841e+00
3.187866250768898624e+00
3.170020353018381254e+00
3.142915736122544157e+00
3.107264483271725108e+00
3.095105013553510531e+00
3.059029252915071773e+00
3.029938912019742414e+00
3.007754743274951625e+00
2.966858137043748123e+00
2.953012265793899083e+00
2.909710260119845238e+00
2.869183520903874740e+00
2.825371598757773661e+00
2.786480557479683817e+00
2.744610551935900311e+00
2.700576273901228230e+00
2.663122209509135807e+00
2.619965790070931000e+00
2.575543848060709351e+00
2.531328627035458023e+00
2.492993050358423890e+00
2.448776681977365310e+00
2.406296276091756781e+00
2.369155222276451145e+00
2.333622877402870888e+00
2.322194038601645083e+00
2.279148187644693291e+00
2.235679072346409058e+00
2.192574811384425892e+00
2.148920419368127721e+00
2.105331252199023950e+00
2.061749610287530121e+00
2.019819501583071997e+00
1.976098108374608531e+00
1.931910825204475213e+00
1.887862566130071196e+00
1.846237312634440686e+00
1.817551720993560993e+00
1.794852586362622127e+00
1.774676973482277376e+00
1.763116504675253715e+00
1.722085940009685956e+00
1.685237308168898274e+00
1.653174282447487764e+00
1.610194598191299287e+00
1.566951490139943504e+00
1.524137749601300662e+00
1.481858479341792156e+00
1.441162736104074416e+00
1.397602563773696627e+00
1.353553722802268267e+00
1.309759684130150426e+00
1.266170628355852923e+00
1.222563274357499896e+00
1.193388154349569685e+00
1.150177999152981911e+00
1.106623228610737364e+00
1.063446505913301365e+00
1.021089015618046325e+00
9.792936568597386815e-01
9.362602523164745838e-01
8.917331243382169426e-01
8.490499105501130295e-01
8.189978152650223553e-01
7.754467633141889360e-01
7.306763283238568718e-01
6.865047980140333017e-01
6.387005174463321611e-01
5.952080881400642065e-01
5.514976615752485989e-01
5.080108279597261856e-01
4.619540272668817837e-01
4.195490830937703142e-01
3.763850024511854464e-01
3.332244729913582670e-01
3.020683843749795150e-01
2.676749121313198310e-01
2.397879344692572801e-01
2.237801581958364650e-01
2.077915035104196950e-01
1.820398798745212487e-01
1.847031590038279159e-01
1.874807118285422292e-01
1.902462008120194281e-01
1.929996111169030304e-01
1.957409278485680859e-01
1.984701360551532900e-01
2.011872207275956226e-01
2.038921667996670406e-01
2.065849591480135305e-01
2.341757115031372349e-01
2.253572186271080857e-01
2.139451233791647144e-01
1.980606605006149656e-01
1.855878140413448618e-01
1.781318531487119938e-01
2.041807238555188586e-01
2.399983985227914507e-01
2.814030948496518136e-01
3.098457053373460668e-01
3.518300155903147930e-01
3.804063674921404625e-01
4.105363969046924577e-01
4.175710581054745130e-01
4.473103226076364791e-01
4.581016844273151367e-01
4.983866394586976556e-01
5.467530499721968695e-01
5.925382283299843733e-01
6.400968352866189814e-01
6.762458778831685891e-01
7.042246814367509877e-01
7.136456115290072955e-01
7.397888171771896948e-01
7.890859454705644316e-01
8.371849744199184595e-01
8.852884466338506453e-01
9.316143113625352523e-01
9.712106462952432295e-01
1.001125588533459565e+00
1.013808092738486488e+00
1.045153362942236264e+00
1.073440794218035954e+00
1.108960414139476658e+00
1.154656118058382308e+00
1.193961804393015358e+00
1.231307644788181666e+00
1.279618574692185096e+00
1.328851405849938772e+00
1.379238932197195400e+00
1.426530028136796524e+00
1.464115588214210728e+00
1.510130289980320395e+00
1.557195894127251012e+00
1.600695684339674907e+00
1.633696036292724196e+00
1.672456925831460328e+00
1.702139556304979262e+00
1.754647790096691473e+00
1.807812900163525915e+00
1.860324090324399160e+00
1.905004106805370689e+00
1.960449873258678588e+00
2.017539750030554746e+00
2.072560895689702143e+00
2.129446164771804817e+00
2.183275594633255157e+00
2.234224848995982171e+00
2.291812565166483573e+00
2.348312307668212640e+00
2.405100999036207110e+00
2.459295486621881910e+00
2.514291807393613354e+00
2.567099524128847232e+00
2.607938513529259428e+00
2.662644431938092193e+00
2.713441731766470966e+00
2.763866007458597895e+00
2.814900765516617387e+00
2.864162381389866674e+00
2.912838087716913993e+00
2.962298547839125273e+00
3.006355679731048003e+00
3.051885444262930402e+00
3.080795011500972347e+00
3.113061382740403005e+00
3.140765407750385041e+00
3.157470372098202471e+00
3.174157118482848983e+00
3.194350029690285364e+00
3.200195414640893965e+00
3.202178184644602688e+00
3.203811183880208802e+00
3.204794057827756060e+00
3.205083878485113669e+00
3.203791062479177665e+00
3.200491304023838524e+00
3.197686500180824787e+00
3.194457541970976866e+00
3.180353856949563074e+00
3.185844021976537377e+00
3.164991857035248213e+00
3.137324792507624860e+00
3.102437868596669812e+00
3.088912286993519718e+00
3.055701428658740504e+00
3.025463326672302333e+00
3.004668612735901689e+00
2.961855461102500531e+00
2.932332821364878050e+00
2.890016152180610476e+00
2.849329024957047096e+00
2.805438324262560901e+00
2.769266000618656243e+00
2.727963043863066428e+00
2.684487362183210379e+00
2.642304919111098549e+00
2.597685091457902384e+00
2.555238125201491517e+00
2.520601312073290856e+00
2.500582737047977844e+00
2.461110494343166977e+00
2.420876450415327508e+00
2.379075817485367228e+00
2.338196763216263907e+00
2.303362885785291247e+00
2.260563855884961892e+00
2.217127354672939532e+00
2.174344783716774643e+00
2.134213386089753417e+00
2.091457453928288857e+00
2.049737829568091030e+00
2.006207962488989693e+00
1.963093638101551131e+00
1.921078094753107646e+00
1.876707822582250662e+00
1.833019696036380708e+00
1.797989147026215928e+00
1.781157385609300370e+00
1.760418845436045876e+00
1.755791811078470266e+00
1.723597316282889036e+00
1.690346157046623166e+00
1.649040730939115740e+00
1.606293946021950747e+00
1.566779605379738927e+00
1.528233751815493813e+00
1.486419107354206126e+00
1.444493200579303194e+00
1.401613200096554435e+00
1.358410695770209564e+00
1.317903963058656869e+00
1.276054027376352984e+00
1.233741208419421476e+00
1.201283033117437560e+00
1.158413636736845387e+00
1.115982375743016286e+00
1.072662318858300656e+00
1.030212132278391257e+00
9.964850172397174966e-01
9.571288504766465310e-01
9.135430317897094143e-01
8.685688028743745459e-01
8.315428389238497253e-01
7.891863005861542435e-01
7.463042022275786502e-01
7.029605264196271408e-01
6.565549977490577893e-01
6.128482530547412210e-01
5.685200430868300181e-01
5.274592756485796397e-01
4.831990217685357969e-01
4.409672772709021249e-01
3.980135845656752602e-01
3.537418158977652105e-01
3.150874522196732141e-01
2.734469666655335862e-01
2.387851458422843298e-01
2.131111141387067587e-01
1.920354762732172649e-01
1.635619287482621975e-01
1.587556057367557616e-01
1.529566511058531031e-01
1.477636379354045904e-01
1.473411318230112288e-01
1.534676478006643530e-01
1.620609927525533678e-01
1.711010283813187149e-01
1.799554145337512734e-01
1.890986146124811751e-01
2.189514229003918233e-01
2.180938989751245172e-01
2.172316182801338758e-01
2.147649431806173403e-01
2.075955135883829628e-01
2.049368793050526660e-01
2.239477710350097073e-01
2.328660575338614425e-01
2.632209351821873655e-01
2.852555960059465212e-01
3.311531841323888670e-01
3.702197634134362647e-01
4.087808496571551098e-01
4.340935951123852665e-01
4.630403755121105802e-01
4.729236910536775418e-01
4.983456185995053800e-01
5.418502136865603891e-01
5.842658048582045627e-01
6.320546286500577926e-01
6.758488489490758200e-01
7.096624199959090662e-01
7.296546759413660155e-01
7.566693049873833843e-01
7.950194087913491359e-01
8.454302975855197966e-01
8.934884533855094180e-01
9.397937462645413742e-01
9.848741737814897812e-01
1.016658004372209767e+00
1.030329244222664364e+00
1.051372636559787965e+00
1.079123023320373020e+00
1.119936450962733643e+00
1.163543092105338239e+00
1.205416842875944639e+00
1.249151538452390575e+00
1.292310618612345863e+00
1.341874519970520652e+00
1.391150507985892792e+00
1.437636168258374036e+00
1.472955438241204895e+00
1.520847566044355892e+00
1.566991666919700155e+00
1.612639942034138629e+00
1.654873242510657594e+00
1.692516622899842949e+00
1.723022062282241418e+00
1.773648281504944801e+00
1.823749492198596167e+00
1.879083390473771376e+00
1.932042628253757943e+00
1.986443313284254719e+00
2.040999999399942588e+00
2.094822406334508003e+00
2.151476508340217642e+00
2.206635377364674078e+00
2.255245336911637644e+00
2.310581425604385508e+00
2.366751228873491542e+00
2.421989835825178794e+00
2.477504493469415703e+00
2.530792202469558827e+00
2.585748908089258169e+00
2.627866608104950430e+00
2.683096865926001051e+00
2.733385524093984387e+00
2.782076329370723133e+00
2.831829057332921895e+00
2.882807369911007722e+00
2.930714016628494623e+00
2.979191465320052856e+00
3.021091637316293710e+00
3.065411507888552212e+00
3.091891831367030274e+00
3.122021626685931750e+00
3.148435978461490592e+00
3.162732067884052700e+00
3.177004952707981555e+00
3.196697799636977422e+00
3.202041804238304756e+00
3.202959387277350078e+00
3.204125710282052175e+00
3.205207538618838559e+00
3.204776662225006678e+00
3.203606606058305051e+00
3.198858412291016418e+00
3.193576248534414130e+00
3.191157173017816095e+00
3.174534682018879117e+00
3.173981024015773755e+00
3.157679712594513077e+00
3.128612680570045601e+00
3.093708762610413388e+00
3.077015158036525477e+00
3.043902039704316387e+00
3.015007846496513988e+00
2.988855832187431449e+00
2.947544694438975377e+00
2.918469915221725497e+00
2.876649821251547667e+00
2.842114297059365136e+00
2.798551422414357503e+00
2.758287305433246406e+00
2.717879795142879473e+00
2.674806841928135892e+00
2.647420862306498535e+00
2.606744701337850412e+00
2.564264096718412933e+00
2.523028679780247252e+00
2.485180022184005022e+00
2.442128893861777783e+00
2.400600855552861290e+00
2.360133331311252913e+00
2.323782643155962724e+00
2.305315436309946175e+00
2.263810842174987847e+00
2.221117134378334690e+00
2.181716158922037074e+00
2.139272455542763129e+00
2.100306073396932760e+00
2.061669169328438578e+00
2.020353685075130468e+00
1.979227396939005956e+00
1.938407905078890714e+00
1.898516606367531612e+00
1.859888511321525773e+00
1.828192575891681271e+00
1.788916789309023869e+00
1.757785007469253591e+00
1.727378170264342705e+00
1.690749996787414000e+00
1.649327786775999671e+00
1.607485699400872603e+00
1.565335251128678218e+00
1.525665028542042334e+00
1.485114469718554098e+00
1.446079995332249180e+00
1.404461430739903038e+00
1.361922606940122682e+00
1.319003207362884567e+00
1.277196441966688578e+00
1.236475552747072104e+00
1.193922799585770855e+00
1.162360829879515611e+00
1.120471175972185707e+00
1.077896577200614159e+00
1.035282817083464035e+00
9.925212965707556068e-01
9.503291918781509029e-01
9.077677680699137719e-01
8.651725241974365099e-01
8.227899031781792383e-01
7.808035839316398441e-01
7.372904174129589761e-01
6.937741902029377350e-01
6.508275197189467010e-01
6.052477336261279373e-01
5.639067506375738947e-01
5.213861346026320565e-01
4.800049073704322211e-01
4.346552037198737062e-01
3.940112287632155930e-01
3.524405244680617333e-01
3.095148669036351663e-01
2.767249602219773452e-01
2.399217908030457369e-01
2.102130211833242446e-01
1.931708996066001938e-01
1.752462157768962803e-01
1.457373688669624523e-01
1.460330429153034182e-01
1.486550531028423272e-01
1.519205063351799778e-01
1.575452032541895253e-01
1.640169911271194270e-01
1.701604825490689310e-01
1.761051953802747205e-01
1.825847494572473417e-01
1.894915719796985143e-01
2.174083735282512087e-01
2.089905393052433891e-01
2.020506855359322784e-01
2.004576494193909819e-01
2.061650109170510281e-01
2.123183403007357362e-01
2.390898774273664262e-01
2.571003050463108175e-01
2.860872282643091569e-01
3.026406332786218401e-01
3.447022196060081090e-01
3.763764650541060464e-01
4.137391034712940563e-01
4.359344785173531189e-01
4.679228748394379522e-01
4.815474503768040759e-01
5.137552220083131393e-01
5.607483438051605873e-01
6.017817321685281495e-01
6.497770157267861446e-01
6.912689335560462389e-01
7.228545353111551774e-01
7.357891781634730011e-01
7.554005548326804265e-01
8.026660537151322217e-01
8.497617655843967555e-01
8.945918507202704761e-01
9.375485512583283665e-01
9.777911469020960089e-01
1.001704118691091105e+00
1.027421239889097393e+00
1.062541187795803976e+00
1.093289694526827338e+00
1.136309732831843222e+00
1.178632437719916881e+00
1.218813584203223055e+00
1.259204214768475216e+00
1.309627424030527010e+00
1.359283459490741475e+00
1.408893673403954327e+00
1.458757705825237894e+00
1.496665614374209197e+00
1.542088631941528565e+00
1.586545652860738231e+00
1.629425724477036486e+00
1.670913455041722173e+00
1.715153324334019347e+00
1.761366935261611699e+00
1.813183283481632602e+00
1.866088603086959008e+00
1.919341853936203268e+00
1.970755875162771842e+00
2.025772486000450900e+00
2.079627953940885732e+00
2.132634791730984247e+00
2.188050472262518031e+00
2.238984715573655304e+00
2.288805838079912114e+00
2.344515549078100225e+00
2.398155190459872355e+00
2.455366659502934645e+00
2.504362562667639569e+00
2.558312513986122472e+00
2.613611129790065490e+00
2.657952936248786813e+00
2.713862659119179899e+00
2.764421381555673296e+00
2.807739298897376834e+00
2.856463552538995643e+00
2.906813909869349732e+00
2.953008124492126463e+00
3.000643411021683526e+00
3.039981326100925418e+00
3.082732853862760969e+00
3.106970522645008170e+00
3.134993479830316510e+00
3.160231463895851967e+00
3.172306868467951624e+00
3.184366657205667916e+00
3.203610101815548283e+00
3.207595348545906333e+00
3.206481904266048399e+00
3.206045010569892995e+00
3.206382680586388201e+00
3.206816880033837247e+00
3.205538374102385291e+00
3.199990210476772123e+00
3.192543165981144071e+00
3.186677369714489672e+00
3.167967549243826397e+00
3.166747524556833948e+00
3.148631817299281099e+00
3.120552982359625194e+00
3.084889694589882492e+00
3.068822217458373025e+00
3.036722121770105254e+00
3.007333168508268706e+00
2.982119895066913884e+00
2.940067637137594225e+00
2.906625631852357117e+00
2.864174607212383261e+00
2.830339148493895340e+00
2.788403312055989680e+00
2.748512418324162265e+00
2.707768446685991481e+00
2.666294598446552921e+00
2.635791258709724527e+00
2.595771695240649102e+00
2.554654521971479575e+00
2.515869242437207109e+00
2.481868793146190022e+00
2.439707638617190533e+00
2.398812964689104987e+00
2.361157658305534479e+00
2.320576715711219595e+00
2.289410538097140346e+00
2.250224186358487977e+00
2.209319294380728049e+00
2.170236081738109668e+00
2.128548131545310973e+00
2.086975313084536321e+00
2.050569897818406595e+00
2.015024994520659529e+00
1.975164782720615353e+00
1.935572221954080963e+00
1.896691074431406943e+00
1.856870597121146327e+00
1.817019235808335686e+00
1.778470782794613791e+00
1.740637249010350329e+00
1.706312088908153113e+00
1.669338278248212237e+00
1.628735631917903381e+00
1.587249365614875396e+00
1.551925377990096999e+00
1.511001515951037266e+00
1.469632815427573069e+00
1.427907504897544255e+00
1.385943216084360552e+00
1.344546296623368997e+00
1.303723300936149521e+00
1.262120949672161707e+00
1.221955215349976642e+00
1.182874062019284134e+00
1.145014431673104571e+00
1.103088938450492051e+00
1.060852103740259622e+00
1.018851337367593812e+00
9.772800678587154621e-01
9.356046376329447689e-01
8.933949711872061217e-01
8.508061197830762978e-01
8.090083270693261275e-01
7.690704644193947503e-01
7.259783361073487429e-01
6.828027691416815870e-01
6.405637072335454985e-01
5.969413718113742995e-01
5.559481831604574653e-01
5.141755697905263656e-01
4.736080600102384186e-01
4.295227381150392709e-01
3.911051501490714344e-01
3.512350208560628406e-01
3.097261710625637821e-01
2.809315427747199334e-01
2.491549785727532607e-01
2.249558437130257660e-01
2.138272217070365244e-01
2.037230629543951566e-01
1.796881306971166992e-01
1.835073727398646437e-01
1.880950505268528805e-01
1.926645430451229546e-01
1.972158348839354036e-01
2.020933285335339558e-01
2.059816592522160650e-01
2.104786970384621980e-01
2.149574727695579279e-01
2.194179712665823290e-01
2.461371244833558680e-01
2.309680438051140705e-01
2.112457219533328823e-01
1.980390436198348758e-01
1.974827730038845597e-01
2.139621867185575455e-01
2.507335581289552029e-01
2.817219501330464060e-01
3.164930917538685828e-01
3.305134183105332135e-01
3.616214958278262115e-01
3.777233786358349388e-01
4.121739087159882464e-01
4.429097618201239817e-01
4.798235185808695791e-01
4.928375272844405242e-01
5.208145522043884368e-01
5.596395313601482124e-01
5.940549163144271949e-01
6.393259390825082322e-01
6.795227480436623058e-01
7.130662543021457633e-01
7.392134181635222623e-01
7.710534841058572786e-01
8.109719155179290206e-01
8.582626948987625015e-01
9.018390997276983789e-01
9.416994630929639287e-01
9.793614034801455537e-01
1.008348356564899850e+00
1.043790570891907965e+00
1.081548089281018310e+00
1.116258497001465289e+00
1.154388196131420186e+00
1.192182917251997321e+00
1.238135404981699939e+00
1.273143302770127994e+00
1.317672030348029821e+00
1.370878479884174217e+00
1.423290955306728334e+00
1.477556817528548283e+00
1.517121721391583300e+00
1.552763130541058079e+00
1.600623133274241772e+00
1.650593803796386982e+00
1.703473489592519652e+00
1.750274348998472451e+00
1.795078880798421483e+00
1.845920569431152902e+00
1.897393062524177054e+00
1.951584406972826091e+00
2.003616271556240669e+00
2.053908329211060035e+00
2.106757690840439512e+00
2.160828544341937718e+00
2.213550108129981098e+00
2.264593039102080319e+00
2.313486283608954697e+00
2.366029948377828429e+00
2.420421888691186574e+00
2.477265899694927054e+00
2.528607146158527996e+00
2.573747314183325141e+00
2.626735881132638450e+00
2.676098661942154955e+00
2.728196816635025890e+00
2.780122235372404660e+00
2.828524559412686212e+00
2.873747358210600567e+00
2.923565794611720392e+00
2.968737658773318966e+00
3.015752172029048328e+00
3.053455660844381025e+00
3.095367657593324218e+00
3.119238486767642371e+00
3.145960800792672707e+00
3.171003036589878477e+00
3.182855317808017226e+00
3.195425707406016169e+00
3.215072323334622340e+00
3.218742059761864116e+00
3.217460661977182390e+00
3.216674525153679909e+00
3.216653163741469701e+00
3.214287723986855916e+00
3.211582055045353545e+00
3.203615207140551924e+00
3.195612490309273745e+00
3.186814349755605846e+00
3.166430139783770414e+00
3.161280925368995742e+00
3.143362418869598329e+00
3.114074217178179449e+00
3.076449473085739239e+00
3.051818755454708931e+00
3.017176057029490099e+00
2.981178131174088808e+00
2.948501214417325933e+00
2.907332090302197081e+00
2.871884784609181285e+00
2.833438861644186346e+00
2.799827874726255050e+00
2.758591403405771469e+00
2.717838110676860985e+00
2.676228556214126364e+00
2.637163028804152098e+00
2.607297822165413503e+00
2.568334664829931224e+00
2.528595807704713483e+00
2.489405357380553241e+00
2.456485996579209630e+00
2.415083536240615558e+00
2.375031615193805568e+00
2.335337944830036871e+00
2.294633819715140355e+00
2.262878282754761994e+00
2.228413783176665497e+00
2.189479189324446295e+00
2.149722472711213861e+00
2.109422112345327172e+00
2.068391470832927403e+00
2.031381960181344759e+00
1.992315675788707718e+00
1.955928520653970493e+00
1.918865128186367564e+00
1.878168398754809010e+00
1.838088020084814200e+00
1.800842636319385237e+00
1.764125774318999307e+00
1.728671993080580060e+00
1.703061026374715237e+00
1.662563594315627391e+00
1.621288213618050422e+00
1.581350286940051975e+00
1.540964694515964073e+00
1.500770002213361654e+00
1.461137862791598518e+00
1.419884353210849603e+00
1.378543147873565688e+00
1.337339885746795520e+00
1.295846825663150348e+00
1.254953710191042626e+00
1.216281712917681501e+00
1.176577326583751137e+00
1.139020177295387404e+00
1.097711667853582540e+00
1.056174282610144344e+00
1.014795082613460186e+00
9.733833936834582756e-01
9.326181774882897901e-01
8.913108786878632950e-01
8.498857960282396595e-01
8.087496413787703675e-01
7.697800624104024214e-01
7.275198795374206995e-01
6.855745585746306769e-01
6.440808085004287031e-01
6.005324913809870768e-01
5.595446130437313759e-01
5.186053270179427077e-01
4.792427317046987767e-01
4.355843411180653768e-01
3.978352211335997035e-01
3.586807470528894926e-01
3.171751926930511667e-01
2.854710762233548804e-01
2.485513075367359881e-01
2.179488417735642725e-01
1.984728319108431949e-01
1.823264709805802186e-01
1.587094517771436009e-01
1.635736667485780116e-01
1.683800724916092728e-01
1.748558851339425402e-01
1.813174474907494893e-01
1.877647500340148545e-01
1.941977832334811083e-01
2.006165375567216247e-01
2.070210034692146484e-01
2.128325731088781536e-01
2.375404768168842828e-01
2.225423553682046862e-01
2.139079887301557070e-01
2.155472750149813321e-01
2.250953894924354881e-01
2.455956081228605203e-01
2.738716470020590155e-01
2.902055224438732650e-01
3.151989503669779258e-01
3.271479497095370892e-01
3.691191981215614093e-01
4.024130839982246188e-01
4.398105723081661145e-01
4.617859265676860780e-01
4.928592547316159589e-01
4.998310325748891447e-01
5.319622802659859095e-01
5.746481121515863988e-01
6.082572262513690209e-01
6.516932847684261398e-01
6.890950731211722413e-01
7.208558642494029556e-01
7.491872064800285669e-01
7.815363105861921067e-01
8.221435634820171146e-01
8.662034116347654411e-01
9.097513879208022347e-01
9.506258749479596926e-01
9.927110928312414817e-01
1.025103090584965182e+00
1.060123975985341582e+00
1.102394649450309849e+00
1.134050589580577251e+00
1.164611957819350341e+00
1.209655452287396349e+00
1.250982621228907465e+00
1.294681518216027616e+00
1.344508437837157677e+00
1.391637187719958924e+00
1.442888009869663035e+00
1.495451982607846952e+00
1.547260134909775875e+00
1.596384680897403596e+00
1.643421937478876327e+00
1.693987027877556173e+00
1.742225725723818730e+00
1.792380005745798810e+00
1.838009980885466188e+00
1.887675427564166730e+00
1.938824017192013693e+00
1.989898013141469413e+00
2.038235416272518030e+00
2.090691737117561289e+00
2.142392740988770861e+00
2.192611173575304662e+00
2.246049190145657182e+00
2.293958470339448219e+00
2.342882593133191804e+00
2.396019949964355522e+00
2.447190716998650206e+00
2.500587974387091350e+00
2.548692479953537759e+00
2.599282959002885640e+00
2.652169398663909217e+00
2.696612394260614387e+00
2.749387194974787452e+00
2.799077519539645120e+00
2.843952484785631007e+00
2.891375460177824763e+00
2.940771813434263304e+00
2.983735041462009185e+00
3.029852503627737281e+00
3.065458162896995464e+00
3.106214392984827377e+00
3.128881149406543383e+00
3.154334983852351115e+00
3.178628571977109907e+00
3.190163007323891353e+00
3.200526006648765520e+00
3.220414802028884083e+00
3.222563551114663305e+00
3.220541419198016175e+00
3.218564988892963719e+00
3.216906607348068547e+00
3.213432338109364128e+00
3.209825258707084572e+00
3.200725142983097626e+00
3.190512245292696836e+00
3.179199676413989373e+00
3.157297863107291658e+00
3.148348189811541964e+00
3.124354299276038915e+00
3.093047766899482021e+00
3.054313221880369689e+00
3.023494032498882600e+00
2.987780040617456834e+00
2.952235188060641669e+00
2.920914212428736167e+00
2.880205317870579762e+00
2.847535977267611873e+00
2.809443178393375540e+00
2.774144096217643796e+00
2.733413281960278773e+00
2.694890246453034877e+00
2.655604427662456413e+00
2.615896806252400175e+00
2.583388659058051040e+00
2.546425128669423277e+00
2.508076650721840384e+00
2.471786123679788894e+00
2.436622926725681815e+00
2.396372716174829165e+00
2.356487001185874952e+00
2.318213020772774691e+00
2.279395029096099812e+00
2.244504481696339315e+00
2.205249101962584835e+00
2.165651945556855473e+00
2.126367186227088979e+00
2.088210535722379468e+00
2.052356581484749753e+00
2.013601800171880285e+00
1.974769751311600485e+00
1.938413848085061897e+00
1.904527760487880972e+00
1.866413593289711681e+00
1.828867542897300025e+00
1.790386764563116850e+00
1.753528789383048236e+00
1.725509036128198614e+00
1.686274507353556995e+00
1.645608343250704708e+00
1.605028788820501706e+00
1.564463420328083165e+00
1.523923695697079639e+00
1.483085344384566850e+00
1.442507688390609166e+00
1.402040011423134391e+00
1.361348011728758856e+00
1.320582857591392933e+00
1.279842911578090936e+00
1.239278787531989945e+00
1.198793160058104545e+00
1.158118495285068272e+00
1.118103935596539644e+00
1.077525709312280533e+00
1.036991193961966262e+00
9.964654355054123336e-01
9.559930470078298326e-01
9.155095301520113082e-01
8.748481432809337432e-01
8.344116863718005206e-01
7.940589187811473160e-01
7.542142273158127797e-01
7.121264569795043853e-01
6.710284005478855951e-01
6.304020384109831898e-01
5.882086006699536185e-01
5.479333921537563601e-01
5.076761994226997032e-01
4.687267592987928722e-01
4.260947435776394343e-01
3.898972657765830685e-01
3.522067697955662546e-01
3.117603832998401825e-01
2.807722683354317850e-01
2.450017011756157326e-01
2.150242781552857974e-01
1.961149788933068128e-01
1.835206515416058226e-01
1.606787211871566479e-01
1.668129089564945877e-01
1.731856716257374473e-01
1.799769251380263224e-01
1.867538640170733066e-01
1.935164778695161458e-01
2.002647563042055101e-01
2.069986889323249812e-01
2.137182653675120392e-01
2.204234752259797148e-01
2.462970382253160950e-01
2.268875593316233286e-01
2.132935488553616143e-01
2.098699865684268140e-01
2.182184221042904326e-01
2.368636797727939336e-01
2.702049578865209911e-01
2.973421693393086818e-01
3.275677380921940274e-01
3.452437322926481533e-01
3.781645567501895067e-01
3.967669058411125160e-01
4.255935872419157606e-01
4.524653725133691573e-01
4.846233592451791305e-01
5.118394927715085307e-01
5.475947667069780422e-01
5.908372223711321203e-01
6.234123942564940846e-01
6.666490666460984649e-01
7.026711318835511255e-01
7.362820123485447343e-01
7.703617607204333861e-01
8.063960302467927388e-01
8.518962977764370503e-01
8.926109285893419898e-01
9.249146599865247786e-01
9.615061386475529659e-01
1.006207813644288240e+00
1.054316564039316617e+00
1.104332531559957031e+00
1.147367252825023831e+00
1.186371089507731735e+00
1.231881580411676058e+00
1.277521536053534357e+00
1.326925295392562765e+00
1.373663911770713231e+00
1.420720605929517655e+00
1.468778417528501690e+00
1.517217750824407574e+00
1.570771419517916767e+00
1.618347219058478448e+00
1.665589780993156355e+00
1.715153817150201654e+00
1.762524963456874927e+00
1.809434490282211705e+00
1.856620944187586719e+00
1.900227213354521050e+00
1.949738080463765622e+00
1.997858129672024363e+00
2.046035137646654345e+00
2.095286906063559051e+00
2.143581277732454993e+00
2.191793782658037149e+00
2.243859188678603900e+00
2.293236418316655367e+00
2.340439301091767010e+00
2.386655765269877882e+00
2.435236504156231607e+00
2.487670826067312380e+00
2.538771811996693106e+00
2.583338964497892132e+00
2.632350672140079340e+00
2.680566815099805211e+00
2.726239249934740094e+00
2.777150302407426441e+00
2.823417781592184816e+00
2.871488754239400532e+00
2.911061010267684157e+00
2.958536614907859352e+00
3.001197433095295075e+00
3.046405269032999907e+00
3.081243143868583889e+00
3.120805938832229121e+00
3.143172520140683712e+00
3.168542297297890276e+00
3.192902586410811594e+00
3.203419425050018532e+00
3.213918027274415223e+00
3.233072563250129150e+00
3.234124181002169252e+00
3.231057098094477276e+00
3.227891226828611515e+00
3.223814460702604467e+00
3.218550911994427111e+00
3.212875772180812550e+00
3.203716110239017922e+00
3.191307805244467666e+00
3.175388405950268833e+00
3.151259492974418652e+00
3.138517875638642707e+00
3.112072335128391654e+00
3.080063167244621702e+00
3.042847684433875433e+00
3.011636656826112812e+00
2.976380677079851100e+00
2.942804160085191079e+00
2.909930280736749975e+00
2.871600513919752018e+00
2.838105153334539832e+00
2.798837058372253050e+00
2.761083685113239206e+00
2.720074729515091772e+00
2.680500869227084415e+00
2.646899659061195287e+00
2.609334086134471598e+00
2.579784799441239063e+00
2.540886968994268358e+00
2.501757592241149020e+00
2.464179076594045892e+00
2.427325780986136383e+00
2.387831589081151673e+00
2.348996320811679972e+00
2.309859950934988859e+00
2.271902690817996895e+00
2.235110841683701999e+00
2.195544986665511900e+00
2.156157909158728625e+00
2.116740284201879430e+00
2.078791187434526400e+00
2.043105316395732007e+00
2.004286620671734465e+00
1.966859172819289237e+00
1.930285240220333876e+00
1.891523652357213425e+00
1.853519587077796071e+00
1.815411720720626176e+00
1.776661971362467840e+00
1.737719136169418865e+00
1.698188034944972946e+00
1.658424861202580258e+00
1.618511428813810715e+00
1.578641701741023917e+00
1.538776956724151379e+00
1.498815320650415117e+00
1.458946324268189931e+00
1.419168764031492502e+00
1.379360453359137928e+00
1.339557553319645544e+00
1.299746627221096462e+00
1.259766722016970597e+00
1.219976415642578083e+00
1.180282379833423656e+00
1.140654009978436578e+00
1.101142215517273426e+00
1.061144398226949281e+00
1.021400661625678330e+00
9.817909294765306827e-01
9.421824992067685534e-01
9.025926037006468672e-01
8.627933903817288641e-01
8.231958017772434966e-01
7.836759460836935087e-01
7.445756766329588716e-01
7.038282432583841119e-01
6.636680908115385469e-01
6.239660592878741863e-01
5.826323090533398474e-01
5.435036004245709096e-01
5.044021660852565647e-01
4.662949662109661664e-01
4.251343876117532616e-01
3.899328148260051141e-01
3.534504686846014487e-01
3.143882107162224715e-01
2.848923445910716556e-01
2.510394145696371315e-01
2.226455650177543988e-01
2.065052406901209392e-01
1.879694126172847812e-01
1.634555431074828646e-01
1.689438229738506325e-01
1.766810439329102866e-01
1.843985577196871894e-01
1.920963802873245085e-01
1.997745275668049159e-01
2.074330154667872184e-01
2.150718598734470965e-01
2.226910766503218952e-01
2.302906816381594113e-01
2.568462210305200166e-01
2.384533730534943996e-01
2.242897215263253696e-01
2.182273333899499568e-01
2.293859666839968003e-01
2.511027967090910806e-01
2.839694803733920914e-01
3.096717345128991994e-01
3.349647495693493515e-01
3.481373041805049251e-01
3.814826334381505313e-01
4.096711740628128928e-01
4.466327649394777333e-01
4.805027190381736535e-01
5.231405643736839473e-01
5.576790009495713463e-01
5.960583745276030188e-01
6.349968919742636775e-01
6.654476381777132410e-01
7.114090930218164299e-01
7.581980990592331882e-01
8.057673422249591599e-01
8.498582779155599010e-01
8.925558639153161611e-01
9.399852170698640430e-01
9.839582620745833674e-01
1.028550171185975026e+00
1.074837803052375307e+00
1.119222993517744458e+00
1.168424376659577435e+00
1.213206287097291725e+00
1.257069665388447444e+00
1.300871564899466870e+00
1.343314614014782915e+00
1.390113812373588109e+00
1.438439210380846101e+00
1.480726047620008146e+00
1.526233506896504055e+00
1.572429936579338605e+00
1.617210411229051070e+00
1.667627157119237813e+00
1.712919001931112017e+00
1.756842818913624260e+00
1.802233829422351219e+00
1.848326686808726249e+00
1.893801406592434455e+00
1.938106593325180871e+00
1.980153774001682354e+00
2.026218826470441492e+00
2.071650967313482194e+00
2.118089251169338993e+00
2.164286625396395713e+00
2.208622855595989698e+00
2.258376302717425954e+00
2.304316598591249488e+00
2.350604229624913888e+00
2.395504982659223181e+00
2.438234860511898194e+00
2.487938583727904440e+00
2.534998916193874852e+00
2.580940530777725339e+00
2.624502704060081903e+00
2.670699800475389019e+00
2.715643145721170715e+00
2.758603623404672245e+00
2.805425629181514058e+00
2.850376159172083312e+00
2.893760980994986909e+00
2.932107061405050619e+00
2.976880636453616447e+00
3.017573166687072650e+00
3.061895915667467882e+00
3.096237341264495235e+00
3.135016205562411784e+00
3.157047010657394903e+00
3.182231891897075560e+00
3.206234647013181505e+00
3.215784722222468250e+00
3.225343930364014788e+00
3.244846147447547402e+00
3.245433982850422172e+00
3.241052593141892313e+00
3.236506085787021370e+00
3.231098597317879850e+00
3.226136955336160739e+00
3.216880940981398762e+00
3.204874032109182647e+00
3.189063603389552082e+00
3.171282744874333925e+00
3.143842876793718322e+00
3.127190126399837400e+00
3.097493662901134037e+00
3.064812255841833366e+00
3.029218553332409414e+00
2.999923458804005350e+00
2.964767854166975969e+00
2.931321464546916555e+00
2.899128098475807658e+00
2.862046478900377444e+00
2.827301482521686005e+00
2.788634433917710265e+00
2.750554471171276383e+00
2.710217050163559183e+00
2.678016815593135203e+00
2.642433973839911410e+00
2.604850975084476161e+00
2.569970228155352476e+00
2.531084597545750992e+00
2.492533992654018427e+00
2.454525388822585530e+00
2.417614461353694288e+00
2.378427098032903864e+00
2.339450103408639237e+00
2.300890700490288321e+00
2.262383435703534840e+00
2.225614395226865661e+00
2.186447278843441033e+00
2.147284331634955912e+00
2.108554339922604992e+00
2.069379794906475389e+00
2.031109846632205951e+00
1.992864721018322127e+00
1.955068707647548365e+00
1.918752321977625908e+00
1.880694168798229926e+00
1.841863056601403148e+00
1.803352012580743180e+00
1.764492352315832013e+00
1.726541504151932749e+00
1.689330633348891553e+00
1.650556125986710754e+00
1.611543687816307857e+00
1.572415285659805706e+00
1.533470494686770769e+00
1.494573380641267990e+00
1.455691587571464440e+00
1.416751228918910588e+00
1.377627149517670180e+00
1.338752622415202653e+00
1.300017960657086080e+00
1.261153982510382354e+00
1.221932512269759297e+00
1.182989570352997788e+00
1.144484780640741661e+00
1.109888567708819274e+00
1.071040533769882952e+00
1.032073096802889278e+00
9.933988168821106246e-01
9.547763257216482780e-01
9.161384978105886479e-01
8.773473349409766087e-01
8.385377272665689441e-01
7.998918711540957682e-01
7.615109902241289364e-01
7.226882226301798440e-01
6.839750489701295066e-01
6.452849010671325436e-01
6.054927266169312094e-01
5.669385598817416883e-01
5.291964520022626184e-01
4.952846837325991514e-01
4.571824039757145242e-01
4.231394401707983532e-01
3.876258143388143229e-01
3.490789286689689463e-01
3.180780254166891696e-01
2.836162429428853438e-01
2.539757798206609962e-01
2.350360231449875881e-01
2.171690241942030308e-01
1.891408241448350736e-01
1.831929391337608071e-01
1.781504484829046497e-01
1.697462138364107254e-01
1.616941472672094315e-01
1.593762701990193154e-01
1.660009904016775950e-01
1.822152558290251190e-01
2.002311812889391307e-01
2.154238324188192388e-01
2.464751754742689760e-01
2.468494122756783316e-01
2.562435155888747595e-01
2.722875738111828481e-01
2.893473216067410370e-01
3.125260684648472620e-01
3.450601253413254632e-01
3.801250415293666030e-01
4.226914858221590965e-01
4.645011172487620854e-01
5.141152701275175652e-01
5.560644087271640057e-01
5.936250930962005956e-01
6.356659377473965478e-01
6.793086957097747014e-01
7.204904535539827792e-01
7.621650006395540577e-01
8.051113671230469837e-01
8.462901083326903606e-01
8.902556202113738326e-01
9.342580644956824942e-01
9.777379582774710087e-01
1.018322829211970371e+00
1.059675991267783335e+00
1.103006953419173319e+00
1.144853304139767713e+00
1.187098131413873769e+00
1.229433059456173982e+00
1.272591331017677074e+00
1.314038742177580543e+00
1.356271217592968314e+00
1.400626955060847223e+00
1.441764312876167020e+00
1.482525581050560870e+00
1.524035910937382221e+00
1.566832445773456817e+00
1.608779858573135657e+00
1.650226594841845751e+00
1.692436435114647253e+00
1.735573663136615652e+00
1.782100817983464758e+00
1.824483590110337561e+00
1.866219997446661116e+00
1.908848738422977975e+00
1.950603349109355511e+00
1.993288015227795196e+00
2.035748436632539349e+00
2.076001888291957087e+00
2.117755948309994363e+00
2.160969296376916038e+00
2.203097153924863605e+00
2.245062563801099920e+00
2.290206308010056091e+00
2.331189270463597030e+00
2.375352894619072064e+00
2.419263569778775658e+00
2.460024461709820365e+00
2.501400612056954298e+00
2.545414598643127579e+00
2.587764956586124931e+00
2.631050207892714710e+00
2.671535091405239370e+00
2.712877680301174266e+00
2.754855302311153498e+00
2.795418000634496636e+00
2.838623464849708178e+00
2.880458003917513388e+00
2.918886759531621244e+00
2.957294882700650440e+00
2.998823705057336308e+00
3.036458128243558541e+00
3.079099698795546569e+00
3.112255420965511110e+00
3.149732590150124079e+00
3.169236860074767126e+00
3.193672287157333756e+00
3.217061668705778921e+00
3.225436761552954668e+00
3.233782480650162050e+00
3.253754594305511283e+00
3.251998570737205441e+00
3.245990954925830341e+00
3.239693820070095320e+00
3.229454715396438136e+00
3.217027147882680183e+00
3.199784153906688466e+00
3.177677289031790142e+00
3.154664179288271697e+00
3.129334747094906000e+00
3.098281837891172952e+00
3.072771449319168013e+00
3.042529283778576676e+00
3.009365343331379172e+00
2.974305831799842093e+00
2.941732499394051903e+00
2.903811195998224459e+00
2.866205913533462102e+00
2.828277541521258875e+00
2.789828374564860436e+00
2.751483364928109410e+00
2.712726905493267893e+00
2.674773389325423523e+00
2.636399558124495446e+00
2.598112129627718314e+00
2.559819249070666380e+00
2.521386579157550045e+00
2.483187640291823151e+00
2.444840962343346469e+00
2.406532925374273102e+00
2.368304080459575633e+00
2.330159184850622012e+00
2.291888683854788944e+00
2.253678180773142525e+00
2.215435380105343466e+00
2.177171191882962820e+00
2.139562959725151536e+00
2.101430329360091331e+00
2.063293044087312733e+00
2.025229818613531130e+00
1.987078371203751859e+00
1.948997426556824619e+00
1.910999189401936027e+00
1.872942955421754929e+00
1.834937005842314450e+00
1.796961293841731644e+00
1.759010978572255190e+00
1.721104641533075963e+00
1.683168315230923362e+00
1.645263666510592859e+00
1.607475190960140798e+00
1.569658723906333542e+00
1.531792243057916059e+00
1.493993176286040780e+00
1.456158007036286062e+00
1.418377661539809376e+00
1.380596016851703522e+00
1.342778628219315706e+00
1.305067814709253149e+00
1.267281379662186458e+00
1.229467052778461689e+00
1.191833874401312610e+00
1.154207091782640582e+00
1.116596208911238453e+00
1.078916007760787998e+00
1.041379942522124402e+00
1.003788665198098728e+00
9.662861974423538891e-01
9.287754758826736179e-01
8.910306862476397027e-01
8.535393197427542100e-01
8.161373085729347610e-01
7.787644929748749334e-01
7.412936199678705762e-01
7.038942460367906273e-01
6.650355819157911519e-01
6.270068160534214563e-01
5.895329155388389086e-01
5.516239656100241362e-01
5.145088611989526717e-01
4.771632749245167116e-01
4.414647592160783618e-01
4.030204689508324334e-01
3.702835434410218229e-01
3.361963849867066756e-01
2.990498404407676003e-01
2.728418391333817250e-01
2.434536518019828066e-01
2.209747396147952736e-01
2.107953249877999868e-01
2.002234422112295353e-01
1.774899221237354330e-01
1.786455037765427578e-01
1.763845659506487473e-01
1.751774740794047047e-01
1.746861547152704364e-01
1.822458290978568596e-01
2.031755323870711172e-01
2.304822592234699319e-01
2.584227581234654902e-01
2.868879064069326801e-01
3.211040779060828076e-01
3.453995866738996945e-01
3.825976280750035263e-01
4.220228708176080312e-01
4.614480439543259260e-01
5.007905862528059249e-01
5.407398770719253900e-01
5.804278867238156225e-01
6.211145813231635504e-01
6.607111567641907879e-01
7.013625192656621765e-01
7.406344990839551778e-01
7.803552766563975895e-01
8.199312506258165101e-01
8.602929119293820648e-01
8.997944048856684196e-01
9.396200142980304371e-01
9.800190174528373710e-01
1.018574689361146479e+00
1.058335052996129066e+00
1.098912082129733792e+00
1.139350767144846843e+00
1.178708596109765860e+00
1.217500429009503948e+00
1.257278001992259364e+00
1.297226864218655074e+00
1.336898686672302050e+00
1.376415660737691171e+00
1.415989123459783006e+00
1.455721873832431124e+00
1.495922731000657091e+00
1.535303886044413479e+00
1.574127228799336642e+00
1.613022178526393180e+00
1.652343671115229284e+00
1.691650330639136612e+00
1.730718047264203197e+00
1.770525731660430813e+00
1.810077500655480787e+00
1.849966848518413309e+00
1.892289818440642479e+00
1.931669721698987541e+00
1.970725592831410911e+00
2.009700427123129352e+00
2.049761716639733944e+00
2.088711087492060692e+00
2.127476183163157675e+00
2.165787697322510308e+00
2.205461577600940970e+00
2.245225405963319432e+00
2.285088876689250981e+00
2.324011150410564941e+00
2.363576672175581095e+00
2.402455311874223121e+00
2.442901205239474294e+00
2.482820231647321574e+00
2.521673339415186899e+00
2.559943862093925659e+00
2.600041939118887147e+00
2.638780676403313041e+00
2.679253005270268329e+00
2.717373801091298890e+00
2.755818132042759494e+00
2.795521535597801144e+00
2.833443726133229035e+00
2.872792729375148735e+00
2.912040810365599697e+00
2.948197911808995819e+00
2.984802144331585083e+00
3.023039884771698382e+00
3.058100337305086125e+00
3.098115246875105644e+00
3.127016164349185612e+00
3.161339171670523474e+00
3.176595789916016876e+00
3.197242135320640610e+00
3.217599303188254378e+00
3.224006926346057345e+00
3.230843500147736691e+00
3.243401589673290619e+00
3.237152656954219943e+00
3.225088368329166233e+00
3.205145525313609856e+00
3.182510349218905077e+00
3.157796298970295901e+00
3.132081258632514853e+00
3.105451908366818614e+00
3.077121278394393755e+00
3.046913936481921770e+00
3.014456397392764053e+00
2.984564563458808717e+00
2.947983250631083241e+00
2.910807922895940258e+00
2.873580425528368565e+00
2.836535707774322734e+00
2.799362359366026176e+00
2.762240919041440090e+00
2.725192005792018257e+00
2.688037740185199809e+00
2.651027590620636420e+00
2.613461298459552218e+00
2.576468160753911718e+00
2.539421810512879407e+00
2.502435563445501110e+00
2.465468057619606412e+00
2.428485119760745103e+00
2.391641930775754599e+00
2.354689640049504096e+00
2.317746100687355426e+00
2.280835931912074788e+00
2.244077046141484288e+00
2.207172131406060611e+00
2.170305038679398724e+00
2.133510990408628683e+00
2.096707651840358899e+00
2.060140494813271772e+00
2.023413320707105445e+00
1.986707951275425099e+00
1.949996423232198683e+00
1.913332721610304876e+00
1.876713809682313938e+00
1.840098735725495871e+00
1.803511782988785006e+00
1.766941081838412586e+00
1.730427730155191801e+00
1.693913244722946354e+00
1.657430098081784209e+00
1.620974514219781781e+00
1.584529040308315873e+00
1.548130650617902448e+00
1.511782524170008690e+00
1.475375762897420451e+00
1.439131322551535641e+00
1.402745482045179681e+00
1.366393607059313009e+00
1.330099620015405382e+00
1.293848829097005826e+00
1.257561847577830072e+00
1.221321243871430262e+00
1.185126686121608319e+00
1.148982688407257813e+00
1.112857517181450984e+00
1.076738996462173636e+00
1.039922961014732250e+00
1.003980350321717507e+00
9.679989172871548142e-01
9.320107846053728995e-01
8.956116775866358459e-01
8.582425850526651523e-01
8.224322177334972839e-01
7.875849497212856765e-01
7.512891339365904697e-01
7.140604670068523285e-01
6.781739078318009817e-01
6.407111637155677997e-01
6.046617756041287040e-01
5.688332292526216971e-01
5.324992349487711607e-01
4.974334625967413714e-01
4.617142924706361118e-01
4.285922593597376040e-01
3.920353764272358488e-01
3.629966342495168918e-01
3.330960952831734101e-01
3.011624065118351234e-01
2.828399577621991123e-01
2.586253000933853019e-01
2.405153540424939673e-01
2.278144197606639665e-01
2.187038370408447563e-01
2.000323306298057158e-01
2.240086944194315255e-01
2.513236887480024273e-01
2.786804386951307055e-01
3.086594171633869621e-01
3.408221314753479558e-01
3.736057002511459224e-01
4.063632399206584811e-01
4.388946061218833572e-01
4.716010217425587459e-01
5.058869979159577035e-01
5.431215782028542272e-01
5.807372770795439232e-01
6.184301005682012464e-01
6.559907069347483688e-01
6.934294735732297044e-01
7.311702289214432327e-01
7.688240625105934312e-01
8.065988992090661336e-01
8.440276938915620697e-01
8.817485998730570929e-01
9.192238600791350356e-01
9.567571314597902443e-01
9.942280572479146317e-01
1.032411587093829741e+00
1.069600902615112981e+00
1.106912718381706240e+00
1.144335527280625486e+00
1.181554908188937603e+00
1.218971920243745899e+00
1.256246634723608091e+00
1.293624121126780935e+00
1.330623649609114612e+00
1.367751749563707930e+00
1.404965156694210737e+00
1.442025232821064318e+00
1.479158085077359130e+00
1.516221743611605222e+00
1.553202538752457063e+00
1.590119924927543948e+00
1.627392332669995501e+00
1.664292493348536572e+00
1.700707388404089748e+00
1.737427814746246524e+00
1.774943867536015407e+00
1.811495481764416660e+00
1.848146536558203712e+00
1.884687688858035504e+00
1.921490759161327055e+00
1.958987673712009547e+00
1.998010613096905752e+00
2.034534715623796952e+00
2.070859449059313295e+00
2.107584256953560775e+00
2.144555197997864759e+00
2.181096005089697254e+00
2.217292129759358410e+00
2.253278389026038830e+00
2.289700992110419886e+00
2.326616087496702345e+00
2.363343793402811421e+00
2.399387724756000040e+00
2.436693041870471532e+00
2.473036868039265812e+00
2.509271433958467412e+00
2.546703297356783580e+00
2.582759159212008271e+00
2.618501545111364237e+00
2.654954259340828404e+00
2.691182371741521973e+00
2.728039690273326823e+00
2.763721194370641676e+00
2.799456389961942460e+00
2.836948680992311456e+00
2.872554189270330571e+00
2.909160603104101739e+00
2.944564851314317444e+00
2.978448848249289238e+00
3.012930212911693939e+00
3.048027715228903922e+00
3.077928426473554246e+00
3.110131988269410286e+00
3.126500577597333574e+00
3.151074336945048238e+00
3.156759321978989341e+00
3.165414504863446776e+00
3.171423179234031053e+00
3.160834700695847044e+00
3.145536779745497835e+00
3.131541725023389677e+00
3.105091805879032663e+00
3.076859183832294509e+00
3.045909524168710636e+00
3.013978183990166038e+00
2.981456246660874498e+00
2.948869481857056218e+00
2.916468659837946564e+00
2.884105259771390539e+00
2.851743843628626429e+00
2.819062484123084467e+00
2.786602873916409706e+00
2.751061670063950970e+00
2.715427765807215454e+00
2.679725672734043496e+00
2.644156735544922032e+00
2.608548520637480106e+00
2.572990730978888418e+00
2.537605194056042901e+00
2.502040684039710250e+00
2.466688005593172139e+00
2.431222349223344459e+00
2.395862856303793365e+00
2.360412924838112048e+00
2.325058524896092216e+00
2.289740945077889389e+00
2.254337645045743965e+00
2.219237788910244369e+00
2.183965433873073625e+00
2.148702296776079823e+00
2.113538738570789555e+00
2.078503236110037289e+00
2.043365465657510427e+00
2.008271773714588981e+00
1.973190247296340294e+00
1.938131671117420796e+00
1.903282155331928349e+00
1.868374182753455237e+00
1.833482040105674615e+00
1.798608344611195786e+00
1.763774280007117001e+00
1.728985461682326363e+00
1.694178099852664543e+00
1.659367034345403669e+00
1.624664678756802205e+00
1.590044829850568053e+00
1.555398624560274223e+00
1.520751217794680032e+00
1.486172930737277964e+00
1.451667717074141883e+00
1.417224328763170949e+00
1.382811542468308730e+00
1.348262651176928673e+00
1.313810162597932596e+00
1.279433060572418013e+00
1.245107595699247893e+00
1.210725360885704260e+00
1.176415714470986584e+00
1.142189405295260807e+00
1.107995972000965779e+00
1.073835261162360055e+00
1.038938786893210509e+00
1.004693642975258649e+00
9.705720607168020209e-01
9.365630066442047763e-01
9.026175198923214182e-01
8.684165058923491998e-01
8.343691197907016077e-01
8.004127791518537149e-01
7.661182556824930323e-01
7.321248511527935765e-01
6.979141998312538009e-01
6.637276708142062498e-01
6.297724960669816019e-01
5.959635994257139746e-01
5.610344577457295756e-01
5.267727186262547434e-01
4.931735324315054680e-01
4.578396590636308883e-01
4.255033947543833683e-01
3.929162230957874424e-01
3.676747066868221170e-01
3.362838839337888852e-01
3.221471415996857157e-01
3.138717541815249090e-01
3.067691735010740772e-01
3.283146520302477334e-01
3.502139160190443912e-01
3.735007067191580266e-01
4.027451345301008567e-01
4.351925772663616243e-01
4.636146631019586462e-01
4.963209080956360042e-01
5.289449299148993866e-01
5.614342213159090322e-01
5.939292448964673676e-01
6.264809514007997349e-01
6.590013453773293506e-01
6.915407240663069555e-01
7.239215739384816661e-01
7.560493975477814432e-01
7.903366583274182844e-01
8.253913109142940741e-01
8.604945035833401201e-01
8.956908211001947118e-01
9.308587597010656856e-01
9.659599209060432123e-01
1.001257110019039720e+00
1.036450118797562991e+00
1.071630155723407585e+00
1.106356437427338246e+00
1.141539364258935985e+00
1.176424768290125433e+00
1.211425560585735806e+00
1.246211755783581454e+00
1.281121275089011968e+00
1.315921943734597033e+00
1.350686479320444944e+00
1.385558839896956718e+00
1.419878380179717903e+00
1.454442196363320283e+00
1.489825645954098610e+00
1.526234661589806585e+00
1.559022638871008004e+00
1.593327818152721065e+00
1.627699544332265047e+00
1.661973362583739622e+00
1.696221836011921225e+00
1.730488242982479496e+00
1.764599311165015560e+00
1.798658384815814859e+00
1.832742939631317514e+00
1.866741563557297923e+00
1.900536167002364163e+00
1.934312343267623469e+00
1.968081307169222249e+00
2.001920474963849284e+00
2.035582308184146871e+00
2.069362230253113388e+00
2.103026583191668575e+00
2.137100205361407657e+00
2.171678241493459005e+00
2.205194425074995745e+00
2.238737435688376465e+00
2.272124460452668693e+00
2.305591516215115711e+00
2.339308639256919342e+00
2.372552153954307297e+00
2.405574802952537006e+00
2.439191183435487797e+00
2.472426355969002731e+00
2.505641905738615449e+00
2.538922567933841190e+00
2.572439718189167834e+00
2.605514465365895926e+00
2.638647515273768729e+00
2.671698385904170525e+00
2.704684003437964002e+00
2.737437036600539830e+00
2.770383191368793963e+00
2.803458485230498454e+00
2.836420372754174135e+00
2.869071277558070232e+00
2.901915425229417700e+00
2.935014095663352585e+00
2.967609747313447954e+00
3.001025942745647601e+00
3.033816269280036781e+00
3.066244972740591379e+00
3.097946516746217682e+00
3.130110697899374461e+00
3.160441662668450391e+00
3.193148160208596487e+00
3.217869508466259632e+00
3.247150211550059229e+00
3.259906326331964532e+00
3.277708394400272507e+00
3.294941745142082379e+00
3.300829640027740375e+00
3.304774577319080642e+00
3.315476874208911351e+00
3.304551848902802735e+00
3.286855423763301864e+00
3.263999347278911944e+00
3.238446278489914398e+00
3.212532707581830405e+00
3.185391430636224541e+00
3.157427187748899744e+00
3.127491823346133515e+00
3.095396082017149109e+00
3.062874826412693263e+00
3.030813010483086600e+00
2.997291469359334215e+00
2.963613025460015038e+00
2.929887568342723458e+00
2.896315949260957368e+00
2.862642457106426175e+00
2.829033930918857465e+00
2.795598404135133830e+00
2.761902520076719991e+00
2.728326807545999433e+00
2.694732033627959211e+00
2.661251927431636410e+00
2.627693288690412299e+00
2.594223816051534293e+00
2.560760633545464682e+00
2.527229278222987485e+00
2.493847520432957321e+00
2.460410546894193029e+00
2.426998112320246204e+00
2.393596605551536083e+00
2.360314001635796632e+00
2.326885998955595891e+00
2.293562368459652667e+00
2.260232382389687267e+00
2.226846897897885924e+00
2.193674786430068746e+00
2.160477520832684295e+00
2.127250157228707028e+00
2.094032489630841098e+00
2.060831165589072977e+00
2.027590349094468003e+00
1.994436899554950626e+00
1.961343865993221858e+00
1.928238907986101980e+00
1.895172096653440663e+00
1.862085781824631692e+00
1.829046054321102455e+00
1.796004969910763638e+00
1.762973383369698999e+00
1.730057293262549756e+00
1.697120450326284669e+00
1.664134392688157105e+00
1.631226748115462089e+00
1.598307283502792719e+00
1.565399750675058321e+00
1.532464024941375458e+00
1.499521381707534573e+00
1.466695257933479102e+00
1.433860787643363333e+00
1.400977368450341265e+00
1.368045296406888323e+00
1.335194174582271964e+00
1.302688568250455203e+00
1.269954964754376636e+00
1.237708436154343117e+00
1.204757448410894494e+00
1.172238724082327321e+00
1.139773673755076544e+00
1.106912191290009950e+00
1.077470179655693139e+00
1.047770217225602707e+00
1.015109821447429228e+00
9.817982843880800337e-01
9.509357158774398577e-01
9.190777567087053956e-01
8.877885817621811171e-01
8.555824364712153463e-01
8.226023202385249755e-01
7.905038964228769949e-01
7.580059034558149778e-01
7.275977855498475533e-01
6.953916158043780271e-01
6.688064530900597049e-01
6.397414550062895389e-01
6.088826883569342652e-01
5.871736227660526719e-01
5.612481184365804010e-01
5.403138431313189161e-01
5.305017176145742086e-01
5.204779472823501951e-01
4.994671924386073769e-01
5.016541186181542322e-01
5.040152440785102828e-01
5.063702847331896795e-01
5.087192399801561127e-01
5.110621092185188008e-01
5.133988918485319353e-01
5.157295872715953466e-01
5.176938104151440623e-01
5.203577471185450998e-01
5.226620628561206017e-01
5.256674418214885014e-01
5.286728207868564011e-01
5.316781997522243008e-01
5.346835787175922006e-01
5.376889576829601003e-01
5.406943366483280000e-01
5.433409603122828502e-01
5.466823411003033373e-01
5.500237218883238244e-01
5.533651026763443115e-01
5.567064834643647986e-01
5.600478642523852857e-01
5.630314541175476251e-01
5.667028682424406494e-01
5.703742823673336737e-01
5.744011776373046940e-01
5.777425584253251811e-01
5.810839392133456682e-01
5.844253200013661553e-01
5.877667007893866424e-01
5.911080815774071295e-01
5.944494623654276166e-01
5.977908431534481037e-01
6.011322239414685908e-01
6.044736047294890779e-01
6.078149855175095650e-01
6.111563663055300522e-01
6.144977470935505393e-01
6.178391278815710264e-01
6.211805086695915135e-01
6.245218894576120006e-01
6.278632702456324877e-01
6.312046510336529748e-01
6.345460318216734619e-01
6.378874126096939490e-01
6.412287933977144361e-01
6.445701741857349232e-01
6.479115549737554103e-01
6.512529357617758974e-01
6.545943165497963845e-01
6.579356973378168716e-01
6.612770781258373587e-01
6.646184589138578458e-01
6.679598397018783329e-01
6.713012204898988200e-01
6.746426012779193071e-01
6.779839820659397942e-01
6.813253628539602813e-01
6.846667436419807684e-01
6.880081244300012555e-01
6.913495052180217426e-01
6.946908860060422297e-01
6.980322667940627168e-01
7.013736475820832039e-01
7.047150283701036910e-01
7.080564091581241781e-01
7.113977899461446652e-01
7.170749469777731866e-01
7.223715630669246268e-01
7.197549229451004615e-01
7.151211986427896683e-01
7.104874743404788751e-01
7.058537500381680818e-01
7.012200257358572886e-01
6.965863014335464953e-01
6.919525771312357021e-01
6.873188528289249088e-01
6.826851285266141156e-01
6.780514042243033224e-01
6.734176799219925291e-01
6.705547254675455759e-01
6.748121555268161709e-01
6.738203769344257577e-01
6.500327911389002233e-01
6.234081955497756677e-01
5.950945966909924056e-01
5.665188002752264973e-01
5.382052014164432352e-01
