2.880334062286451502e+00
2.881294030042492071e+00
2.882253997798532641e+00
2.883213965554573210e+00
2.884173933310613780e+00
2.885133901066654349e+00
2.886093868822694919e+00
2.887053836578735488e+00
2.888013804334776058e+00
2.888973772090816627e+00
2.889933739846857197e+00
2.890893707602897766e+00
2.891853675358938336e+00
2.892813643114978905e+00
2.893773610871019475e+00
2.894733578627060044e+00
2.895693546383100614e+00
2.896653514139141183e+00
2.897613481895181753e+00
2.898573449651222322e+00
2.899533417407262892e+00
2.900756622673892338e+00
2.900127983767153861e+00
2.901087951523194430e+00
2.902047919279235000e+00
2.903007887035275569e+00
2.904231092301905015e+00
2.903868321099788208e+00
2.903505549897671401e+00
2.903142778695554593e+00
2.902514139788816117e+00
2.903474107544856686e+00
2.904434075300897256e+00
2.905657280567526701e+00
2.905294509365409894e+00
2.904665870458671417e+00
2.905889075725300863e+00
2.905260436818562386e+00
2.906483642085191832e+00
2.906120870883075025e+00
2.905758099680958217e+00
2.905395328478841410e+00
2.905032557276724603e+00
2.904669786074607796e+00
2.904041147167869319e+00
2.905264352434498765e+00
2.904635713527760288e+00
2.905595681283800857e+00
2.906818886550430303e+00
2.906456115348313496e+00
2.906093344146196689e+00
2.905464705239458212e+00
2.906687910506087658e+00
2.906325139303970850e+00
2.905696500397232374e+00
2.906919705663861819e+00
2.906556934461745012e+00
2.906194163259628205e+00
2.905565524352889728e+00
2.906525492108930298e+00
2.907748697375559743e+00
2.907385926173442936e+00
2.907023154971326129e+00
2.906660383769209322e+00
2.906297612567092514e+00
2.905934841364975707e+00
2.905572070162858900e+00
2.905209298960742093e+00
2.904846527758625285e+00
2.904483756556508478e+00
2.904120985354391671e+00
2.903758214152274864e+00
2.903395442950158056e+00
2.903032671748041249e+00
2.902669900545924442e+00
2.902307129343807635e+00
2.901678490437069158e+00
2.902901695703698604e+00
2.902273056796960127e+00
2.903496262063589572e+00
2.903133490861472765e+00
2.902504851954734288e+00
2.903464819710774858e+00
2.904424787466815427e+00
2.905384755222855997e+00
2.906344722978896566e+00
2.907304690734937136e+00
2.908264658490977705e+00
2.909224626247018275e+00
2.910184594003058844e+00
2.911144561759099414e+00
2.912104529515139983e+00
2.913064497271180553e+00
2.914024465027221122e+00
2.914984432783261692e+00
2.915944400539302261e+00
2.916904368295342831e+00
2.917864336051383400e+00
2.918824303807423970e+00
2.919784271563464539e+00
2.920744239319505109e+00
2.921704207075545678e+00
2.922664174831586248e+00
2.923624142587626817e+00
2.924584110343667387e+00
2.925544078099707956e+00
2.926504045855748526e+00
2.927464013611789095e+00
2.928423981367829665e+00
2.929383949123870234e+00
2.930343916879910804e+00
2.931303884635951373e+00
2.932263852391991943e+00
2.933223820148032512e+00
2.934183787904073082e+00
2.935143755660113651e+00
2.935837766450236419e+00
2.938090552799407007e+00
2.940343339148577595e+00
2.942133421287600026e+00
2.945339418502856965e+00
2.948545415718113905e+00
2.951751412933370844e+00
2.954957410148627783e+00
2.958163407363884723e+00
2.961369404579141662e+00
2.964575401794398601e+00
2.967781399009655541e+00
2.970987396224912480e+00
2.973732622721454888e+00
2.978321149816583358e+00
2.981066376313125765e+00
2.985201051999271105e+00
2.989335727685416444e+00
2.993924254780544914e+00
2.996669481277087321e+00
3.000804156963232661e+00
3.004938832649378000e+00
3.009073508335523339e+00
3.013662035430651809e+00
3.016868032645908748e+00
3.020074029861165688e+00
3.023736176227221240e+00
3.026252780680282140e+00
3.027212748436322709e+00
3.028435953702952155e+00
3.028336547273546842e+00
3.026625094089442580e+00
3.024913640905338319e+00
3.023202187721234058e+00
3.021490734537129796e+00
3.019779281353025535e+00
3.018067828168921274e+00
3.016619747095593329e+00
3.014323228429805379e+00
3.007524150783516426e+00
2.997755113658710169e+00
2.993060163836281706e+00
2.993431454346602294e+00
3.002186614594918534e+00
3.014515745026442151e+00
3.026476772175120455e+00
3.038871079425267130e+00
3.050922111436058959e+00
3.063290745959165839e+00
3.076293821597519074e+00
3.091275173186628589e+00
3.109747423348464324e+00
3.128682607714952546e+00
3.150183514006985153e+00
3.182006388576627209e+00
3.209668650463466388e+00
3.211180957013244797e+00
3.168768810934662561e+00
3.085685700478020266e+00
2.985690508444335922e+00
2.885698545771192336e+00
2.785829181471926930e+00
2.685863094340903867e+00
2.585906474610140116e+00
2.486104911691332298e+00
2.386597063213438563e+00
2.315587171852286463e+00
2.216241102891625570e+00
2.116426220957154936e+00
2.016993310787301930e+00
1.917864973009163476e+00
1.818015207478630657e+00
1.719830581912969780e+00
1.622526588454512808e+00
1.522849525595396214e+00
1.423111544908316706e+00
1.323639790552188167e+00
1.224511452774049491e+00
1.124545365636878014e+00
1.024541511680931993e+00
9.245270779943279837e-01
8.245107095647862261e-01
7.244935059563322177e-01
6.244773256962713459e-01
5.232470256962713506e-01
5.338709606022731258e-01
5.444948955082749009e-01
5.551188304142766761e-01
5.660997589109202366e-01
5.761835904406430453e-01
5.859093557347928583e-01
5.968902842314364188e-01
6.073287927074424442e-01
6.178945165593285882e-01
6.272273712019513781e-01
6.311463368007049768e-01
6.297941168818845803e-01
6.217927883203585582e-01
6.137914597588325361e-01
6.057901311973065139e-01
5.977888026357804918e-01
5.895236376167719561e-01
5.829413925071280644e-01
5.763591473974841728e-01
5.697769022878402811e-01
5.631946571781963895e-01
5.566124120685524979e-01
5.500301669589086062e-01
5.434479218492647146e-01
5.368656767396208229e-01
5.302834316299769313e-01
5.237011865203330396e-01
5.163226913021454756e-01
5.112680056082619107e-01
5.162349572043675172e-01
5.254188280825773383e-01
5.338338320313055219e-01
5.410046769720598947e-01
5.481755219128142675e-01
5.553463668535686404e-01
5.625172117943230132e-01
5.696880567350773861e-01
5.768589016758317589e-01
5.840297466165861318e-01
5.916453249241265810e-01
5.979844908790670210e-01
6.052129416077485224e-01
6.102549019905683103e-01
6.148332875732388514e-01
6.172237748703783833e-01
6.153549395071504780e-01
6.101824729331739583e-01
6.050100063591974386e-01
5.998375397852209190e-01
5.946650732112443993e-01
5.894926066372678797e-01
5.843201400632913600e-01
5.791476734893148404e-01
5.739752069153383207e-01
5.688027403413618011e-01
5.636302737673852814e-01
5.584578071934087617e-01
5.532853406194322421e-01
5.481128740454557224e-01
5.429404074714792028e-01
5.377679408975026831e-01
5.325954743235261635e-01
5.271579109246998796e-01
5.236467105211050077e-01
5.184742439471284881e-01
5.130366805483022041e-01
5.095254801447073323e-01
5.038218188849812318e-01
5.011619645301081949e-01
4.995942586862469614e-01
5.012048926790833026e-01
5.028155266719196437e-01
5.044261606647559848e-01
5.057300831163028532e-01
5.084624354197407881e-01
5.116138992427626819e-01
5.129178216943095503e-01
5.156501739977474852e-01
5.146028273332254876e-01
5.069674180933889662e-01
5.138358724698967039e-01
5.451997151463801039e-01
5.861659753325829669e-01
6.306600939180391219e-01
6.755403307945110347e-01
7.223126744661700904e-01
7.722880580580150367e-01
8.212272551970994927e-01
8.567438059294475439e-01
8.659554232615560565e-01
7.960251455056857051e-01
7.157471150918439662e-01
6.291703653721966161e-01
5.388462940459270989e-01
4.456808798841622732e-01
3.590490137887060174e-01
2.727421586023143218e-01
1.864353034159225708e-01
1.001284482295308476e-01
