2.000000000000000111e-01
2.000000000000000111e-01
2.000000000000000111e-01
2.000000000000000111e-01
2.000000000000000111e-01
2.000000000000000111e-01
2.000000000000000111e-01
2.000000000000000111e-01
2.000000000000000111e-01
2.000000000000000111e-01
2.000000000000000111e-01
2.000000000000000111e-01
2.000000000000000111e-01
2.000000000000000111e-01
2.242925550052273231e-01
2.387045909713312319e-01
2.745239763170403968e-01
3.219826455179961577e-01
3.676385533776371228e-01
4.199014016948453554e-01
4.646391751377548229e-01
4.999763454168607568e-01
5.203007938770595198e-01
5.423743440611105138e-01
5.858398090543710524e-01
6.321479553490323422e-01
6.841293925816592791e-01
7.370206940740997581e-01
7.878744470057049698e-01
8.327863509328607972e-01
8.641292544327718872e-01
8.905356175217089554e-01
9.126529704280798017e-01
9.481116043143900107e-01
9.921027624050501315e-01
1.029024329210833866e+00
1.069565687145309418e+00
1.117565207111361758e+00
1.162119987210370020e+00
1.214767466878795554e+00
1.264810940447206544e+00
1.303642509320922072e+00
1.352742093252542022e+00
1.401877649398872494e+00
1.443858551957960756e+00
1.472179062544862527e+00
1.497243434144305496e+00
1.524615130202485958e+00
1.562801691784457825e+00
1.595647008340544071e+00
1.637038221352772771e+00
1.683355609171899969e+00
1.731255295752462064e+00
1.778298780540938262e+00
1.822432255700257464e+00
1.856345390773193937e+00
1.890536844885309042e+00
1.931567367665690593e+00
1.982054988314330801e+00
2.018775309525031592e+00
2.060315129158070135e+00
2.085431970749804353e+00
2.119574676637058896e+00
2.164432936824807197e+00
2.201283758250722311e+00
2.246529348452938724e+00
2.282968339804104296e+00
2.310022212180617984e+00
2.339199105080048469e+00
2.376202493007391059e+00
2.406084841952575548e+00
2.450135483498802724e+00
2.476994004317976561e+00
2.515615533628273948e+00
2.537843528140323546e+00
2.564322684919569717e+00
2.594235393730345951e+00
2.616045426076376579e+00
2.642253869871392880e+00
2.679382930213616287e+00
2.697722507514253465e+00
2.716219003850533387e+00
2.745875653803936167e+00
2.779435294514378540e+00
2.817095507666906862e+00
2.857715916403555934e+00
2.904876840072215138e+00
2.952005649233383711e+00
3.005895552558228712e+00
3.055282841791639115e+00
3.110696860417649035e+00
3.175401068613342925e+00
3.199995895126081180e+00
3.247348448553943001e+00
2.998020998168752449e+00
2.938660853332968781e+00
2.876728837784882309e+00
2.818884541348797956e+00
2.769875731578779643e+00
2.717987331183381539e+00
2.670467353812024935e+00
2.621616501806832922e+00
2.574277532471354935e+00
2.526233928158619246e+00
2.479053521832345730e+00
2.431997042269436360e+00
2.382278073881909375e+00
2.334949976868696542e+00
2.285360878324770084e+00
2.235275079493402650e+00
2.185533078785039773e+00
2.136623608152326437e+00
2.090321367573115374e+00
2.043800895832465159e+00
1.990441887642131258e+00
1.944251918048471861e+00
2.145809773617963767e+00
1.993826172310079414e+00
1.988298670114389211e+00
1.982063406532145189e+00
1.974772947381751242e+00
1.953980622856770877e+00
1.895118525704423629e+00
1.827057132261125982e+00
1.759558241636493436e+00
1.695180784760081716e+00
1.664992202466726079e+00
1.650467970510263171e+00
1.649164943223379698e+00
1.639983627548480261e+00
1.616615630097803846e+00
1.567291663056908479e+00
1.511030383068004301e+00
1.456271791278186623e+00
1.411044432242381408e+00
1.379316381474911202e+00
1.348923333895073018e+00
1.316347969268959028e+00
1.275085374007741468e+00
1.214954830095583249e+00
1.156285932801719429e+00
1.099472809138567930e+00
1.038905895503363652e+00
9.784442246031030965e-01
9.324675186520726688e-01
8.763840061666168246e-01
8.191289918004657222e-01
7.591954417971504832e-01
6.989045790263181956e-01
6.406293742269467684e-01
5.815879449827313641e-01
5.213450049646263240e-01
4.618181991231079531e-01
4.114642382995729042e-01
3.578659029067638997e-01
3.115985906991282639e-01
2.775731258339062535e-01
2.427893020982907768e-01
2.272648038718214636e-01
2.127386001404061866e-01
2.094146874147391479e-01
2.000000000000000111e-01
2.000000000000000111e-01
2.000000000000000111e-01
2.000000000000000111e-01
2.000000000000000111e-01
2.000000000000000111e-01
2.000000000000000111e-01
2.000000000000000111e-01
2.000000000000000111e-01
2.000000000000000111e-01
2.000000000000000111e-01
2.000000000000000111e-01
2.000000000000000111e-01
2.000000000000000111e-01
2.000000000000000111e-01
2.000000000000000111e-01
2.000000000000000111e-01
2.000000000000000111e-01
2.000000000000000111e-01
2.000000000000000111e-01
2.000000000000000111e-01
2.000000000000000111e-01
2.000000000000000111e-01
2.000000000000000111e-01
2.000000000000000111e-01
2.023998049068451710e-01
2.510186910719816034e-01
3.008156245713679011e-01
3.474848452504389895e-01
3.966810363966286612e-01
4.431134203401004279e-01
4.903015775737273318e-01
5.368093098435195998e-01
5.854688234445855066e-01
6.321844283804528564e-01
6.776937840702584870e-01
7.223152965372989787e-01
7.659962648618044989e-01
8.120509648576360595e-01
8.602772071998706638e-01
9.064048311140321390e-01
9.466650220173435937e-01
9.897411979944025218e-01
1.032590507520662948e+00
1.074739399194256206e+00
1.117219433207590429e+00
1.158696646072723491e+00
1.200340882694729272e+00
1.241097284222950403e+00
1.281592069268839840e+00
1.321947107182128267e+00
1.361561536274029427e+00
1.401103528629993100e+00
1.440802364673265945e+00
1.479461383836809363e+00
1.518527570115139280e+00
1.556770285159920553e+00
1.594629985891854229e+00
1.633511796519480752e+00
1.672014783800202853e+00
1.709027426750838297e+00
1.745931553395867919e+00
1.782536915764026952e+00
1.818977247795733332e+00
1.855081762553254965e+00
1.890878833257684688e+00
1.926349779616562730e+00
1.961800734043579908e+00
1.997010349320427203e+00
2.032145416628472923e+00
2.066900853268859084e+00
2.101690883087793171e+00
2.136237616816883733e+00
2.170455821779508465e+00
2.204505965873593709e+00
2.238408111051280791e+00
2.272044093485277472e+00
2.305845723109809953e+00
2.339461451575166162e+00
2.373040708088183681e+00
2.406186591509327233e+00
2.439322918658687112e+00
2.472480842398483425e+00
2.505313488133276145e+00
2.538516954336091480e+00
2.571363921635403837e+00
2.604059542835571062e+00
2.636756014062639597e+00
2.669179883072382964e+00
2.699792306581175083e+00
2.732697430087502433e+00
2.761858310105251402e+00
2.794596052029799882e+00
2.818447043286825604e+00
2.844348370357830724e+00
2.869688008907218535e+00
2.882895460070959537e+00
2.896102911234700539e+00
2.918824557449561929e+00
2.926870415952451676e+00
2.931449104272967787e+00
2.935702556300872956e+00
2.937461381998551335e+00
2.937441529460067979e+00
2.934293520790228982e+00
2.929935647677064825e+00
2.923459059458098253e+00
2.917721494398928250e+00
2.898569761952797030e+00
2.894835035775171761e+00
2.881726739604836052e+00
2.863577801029224545e+00
2.843042345707379237e+00
2.834277074772157956e+00
2.808665176368271954e+00
2.788349463334930167e+00
2.765428949046582652e+00
2.725422477971572111e+00
2.693136768287824001e+00
2.648692414497933356e+00
2.622687467378915116e+00
2.590166072383519147e+00
2.548520032176045724e+00
2.502783749436342298e+00
2.450362690998185933e+00
2.404514650012875343e+00
2.354381092679356247e+00
2.304634336009570905e+00
2.257307947717209551e+00
2.213310020097913000e+00
2.165660189994431661e+00
2.117760708913929868e+00
2.072041853133849809e+00
2.027237721432406659e+00
1.985878047537369628e+00
1.942472447745824171e+00
1.898627996087057346e+00
1.855326243988124402e+00
1.814132712401780534e+00
1.772071321865774429e+00
1.728424356148789531e+00
1.688418566514160446e+00
1.649493662313606723e+00
1.608677378499518085e+00
1.568101475529714239e+00
1.528316766219651290e+00
1.489956986826684204e+00
1.451517746851788804e+00
1.413497204506655391e+00
1.376102937323911535e+00
1.338833323123124641e+00
1.302334835213327935e+00
1.265536317643923825e+00
1.226626089026771949e+00
1.189658837210486153e+00
1.154151263877825517e+00
1.118820679981711974e+00
1.082513789838228213e+00
1.045091478567591992e+00
1.010271312967682800e+00
9.758610769720850175e-01
9.413614558997632775e-01
9.065182342641220359e-01
8.727171447473691668e-01
8.387338084311302122e-01
8.047145027304207776e-01
7.712207468187852744e-01
7.378074477543903331e-01
7.046948101414153287e-01
6.715133079059879551e-01
6.367503757286567811e-01
6.022004983699957847e-01
5.694295554587752717e-01
5.362157905545217318e-01
5.033203436804821740e-01
4.706739618993069918e-01
4.366555737171058382e-01
4.054409985633597446e-01
3.730360915235511055e-01
3.431904912308552102e-01
3.108699107768009284e-01
2.893856315616473163e-01
2.664471411826756508e-01
2.413827565490179183e-01
2.324727794069719466e-01
2.152615260780714468e-01
2.049725892813767936e-01
2.067599376502888275e-01
2.085472860192008615e-01
2.000000000000000111e-01
2.000000000000000111e-01
2.000000000000000111e-01
2.000000000000000111e-01
2.000000000000000111e-01
2.000000000000000111e-01
2.000000000000000111e-01
2.000000000000000111e-01
2.000000000000000111e-01
2.000000000000000111e-01
2.000000000000000111e-01
2.000000000000000111e-01
2.000000000000000111e-01
2.000000000000000111e-01
2.000000000000000111e-01
2.000000000000000111e-01
2.000000000000000111e-01
2.000000000000000111e-01
2.000000000000000111e-01
2.000000000000000111e-01
2.000000000000000111e-01
2.000000000000000111e-01
2.000000000000000111e-01
2.000000000000000111e-01
2.000000000000000111e-01
2.000000000000000111e-01
2.000000000000000111e-01
2.000000000000000111e-01
2.000000000000000111e-01
2.000000000000000111e-01
2.000000000000000111e-01
2.000000000000000111e-01
2.000000000000000111e-01
2.000000000000000111e-01
2.000000000000000111e-01
2.000000000000000111e-01
2.000000000000000111e-01
2.000000000000000111e-01
2.000000000000000111e-01
2.000000000000000111e-01
2.000000000000000111e-01
2.000000000000000111e-01
2.000000000000000111e-01
2.000000000000000111e-01
2.000000000000000111e-01
2.000000000000000111e-01
2.000000000000000111e-01
2.000000000000000111e-01
2.000000000000000111e-01
2.000000000000000111e-01
2.000000000000000111e-01
2.000000000000000111e-01
2.000000000000000111e-01
2.000000000000000111e-01
2.000000000000000111e-01
2.000000000000000111e-01
2.000000000000000111e-01
2.000000000000000111e-01
2.000000000000000111e-01
2.000000000000000111e-01
2.000000000000000111e-01
2.000000000000000111e-01
2.000000000000000111e-01
2.000000000000000111e-01
2.000000000000000111e-01
2.000000000000000111e-01
2.000000000000000111e-01
2.000000000000000111e-01
2.000000000000000111e-01
2.000000000000000111e-01
2.000000000000000111e-01
2.134185581205193527e-01
2.416764352149685380e-01
2.699343123094177233e-01
2.979828224151868099e-01
3.241195352764532633e-01
3.479587396590401727e-01
3.739788768897011617e-01
4.058670272138366064e-01
4.383523942525416883e-01
4.708633201423798043e-01
5.092126001033737692e-01
5.702966978746868421e-01
6.111319195284067307e-01
6.408382564142973692e-01
6.235619649893835437e-01
5.949861685736176353e-01
5.666725697148343732e-01
5.382052014164432352e-01
