1.823875410051718271e+00
1.870560293533114038e+00
1.917898820911192459e+00
1.967939572486558930e+00
2.014693711217711236e+00
2.060916851354093637e+00
2.106805387433579924e+00
2.152904292437566092e+00
2.198826750936046182e+00
2.244677364891596305e+00
2.289490101440779135e+00
2.334996336861413724e+00
2.380201562011248217e+00
2.425733147777810572e+00
2.470671061983113592e+00
2.515959118693696706e+00
2.560699203466937579e+00
2.605155086713024204e+00
2.650314340740548946e+00
2.694063344476703925e+00
2.737489030568128090e+00
2.781406196474215164e+00
2.825837874025467045e+00
2.870048755577899513e+00
2.913592260092624286e+00
2.957228998776002094e+00
3.000479284085693532e+00
3.042486756836300987e+00
3.084007200974196117e+00
3.125613715784566704e+00
3.166124190585994924e+00
3.205525129579423815e+00
3.247227794019863722e+00
3.287663968926029412e+00
3.324973545765033123e+00
3.361648212117137824e+00
3.397873944136386548e+00
3.433644790385743217e+00
3.468955857887353389e+00
3.499135065438010450e+00
3.523462836261693099e+00
3.556660033506750196e+00
3.589922647538541067e+00
3.622162369774037050e+00
3.429495901742901420e+00
3.399097381991644795e+00
3.408332772593191784e+00
3.356497515859737657e+00
3.503055156163443762e+00
3.625928547024530602e+00
3.744049924529316176e+00
3.853526418791820785e+00
3.959098589920703404e+00
4.064103801310822384e+00
4.164698701924728574e+00
4.263328544006713017e+00
4.362054549699439399e+00
4.463450066755009438e+00
4.559083664933859303e+00
4.654717262939127131e+00
4.750350860034901146e+00
4.851301482227645678e+00
4.947603000517688976e+00
5.051320546557851010e+00
4.999922869376321799e+00
4.994103488715384565e+00
5.034225539669025196e+00
5.076362131332061267e+00
5.120203143525980494e+00
5.178802817599538422e+00
5.181528329064148508e+00
5.195200188717488565e+00
5.201964985640771921e+00
5.208245916631994987e+00
5.220862136796036168e+00
5.231717959673235718e+00
5.235908235718504500e+00
5.218774847713492981e+00
5.200408847533867451e+00
5.181235298668105393e+00
5.156334098174641944e+00
5.129379806698177724e+00
5.101707952573944382e+00
5.073413172096397972e+00
5.044576741028869549e+00
5.015525312557394422e+00
4.987109053548064885e+00
4.957959307143649852e+00
4.929236670110280549e+00
4.901699277405946908e+00
4.872631643488258391e+00
4.817690795592738162e+00
4.762896138491658604e+00
4.707742683386783256e+00
4.653161223900782240e+00
4.597608963120308978e+00
4.542864086218546760e+00
4.488647608697053037e+00
4.432821740655006337e+00
4.378063424918543056e+00
4.321466337208922148e+00
4.266545543895674975e+00
4.210345656186341934e+00
4.155277237906000565e+00
4.100609126769673374e+00
4.043883652520415595e+00
3.989015039032412169e+00
3.932567037476357719e+00
3.876176609579349730e+00
3.821072458664146243e+00
3.766335460313880112e+00
3.709470828074529436e+00
3.653208775432286615e+00
3.597910112532692217e+00
3.541656273483747785e+00
3.487136651570673873e+00
3.432231881821999675e+00
3.377325241691829572e+00
3.322019107795446402e+00
3.266670047770119822e+00
3.211037406585350862e+00
3.155646416256905340e+00
3.100017856655646220e+00
3.044997451968956437e+00
2.989320206497322996e+00
2.934984376471237333e+00
2.879138083475275778e+00
2.821843862642173573e+00
2.763841429977300201e+00
2.706369325869985687e+00
2.650562905822924087e+00
2.595402461715263343e+00
2.545657899347114395e+00
2.511384722817315840e+00
2.503801068677340425e+00
2.516030732108310630e+00
2.530420849366480152e+00
2.526131792946801013e+00
2.495642775065051833e+00
2.443477747632375685e+00
2.397342104189549961e+00
2.351418231243719958e+00
2.310064193825617895e+00
2.287078789257038114e+00
2.265237497046825421e+00
2.210898245692776154e+00
2.155893743409515562e+00
2.098452316281266050e+00
2.040130366492042047e+00
1.984022588504246398e+00
1.926733437231658241e+00
1.867619993554053393e+00
1.811275793046874583e+00
1.756753699350021458e+00
1.702280978311303761e+00
1.660562645403690141e+00
1.632192455742071502e+00
1.605979379446704991e+00
1.606413350657575734e+00
1.610915973304172022e+00
1.631547440945935179e+00
1.648983336318811999e+00
1.682908204123721996e+00
1.719423235638040781e+00
1.747156260558713869e+00
1.762813928336970815e+00
1.713727001012944839e+00
1.662238171078379789e+00
1.607284508132275080e+00
1.552330533048850159e+00
1.496088362260244331e+00
1.441236981689005159e+00
1.386399816545763164e+00
1.331591428748011063e+00
1.276699862214476511e+00
1.221862697071234516e+00
1.167054309273482415e+00
1.111612113930418699e+00
1.057282943334801439e+00
1.082539823342159258e+00
1.125345240638763622e+00
1.213030872306144259e+00
1.303493537504425204e+00
1.371917063680383908e+00
1.421076925744039876e+00
1.312155519827607586e+00
1.265265617310795454e+00
1.301521003144877842e+00
1.337693821837678820e+00
1.379647770144038388e+00
1.421090228010640111e+00
1.470237895082623591e+00
1.533991870390458923e+00
1.541728507235125889e+00
1.554038522828832924e+00
1.557527087709100755e+00
1.565829135003186545e+00
1.572548182646819281e+00
1.556720832286222711e+00
1.539620547928486571e+00
1.504294391654898755e+00
1.488052136135941117e+00
1.491847033024630509e+00
1.453483738727459285e+00
1.708549344694160643e+00
1.733031691861043999e+00
1.788491651636037627e+00
1.879064883365603400e+00
1.971791975413925035e+00
2.086880467323954491e+00
2.194870798364513931e+00
2.282212061056165364e+00
2.370616911867652554e+00
2.461857929735685069e+00
2.543149594867986085e+00
2.626836730614170001e+00
2.711001212954462503e+00
2.791898275588259981e+00
2.872021206871608001e+00
2.953561369178941742e+00
3.036579892998675145e+00
3.117818361217201684e+00
3.199308692854160086e+00
3.280928064666693622e+00
3.362448785233414839e+00
3.441993003996011158e+00
3.521881903310143169e+00
3.600103438618838414e+00
3.680432315709576852e+00
3.760373433899681483e+00
3.840076112246355144e+00
3.919543873701572423e+00
3.998625586060863935e+00
4.077563845070979021e+00
4.156257220936148578e+00
4.234624297871155463e+00
4.312838854078464124e+00
4.391112186750039115e+00
4.468967524870599561e+00
4.546823479177086291e+00
4.624679433190224564e+00
4.702829727008790428e+00
4.780696121558141165e+00
4.858855883821142640e+00
4.940760423554408476e+00
5.024671460337462925e+00
5.015881285175916027e+00
5.053378637576781074e+00
5.094470579751882333e+00
5.154437187359110162e+00
5.178144508242144006e+00
5.203432280956147515e+00
5.221169683449745413e+00
5.239948274075524104e+00
5.254077662288778150e+00
5.266837738361960675e+00
5.279689416540986890e+00
5.280062930273463628e+00
5.270310008594930373e+00
5.254951803222171591e+00
5.236004232401572089e+00
5.214267466611486768e+00
5.191273931534287733e+00
5.167544951621246163e+00
5.143368246947077616e+00
5.119091720583486271e+00
5.094652333624852147e+00
5.069090103881470633e+00
5.040704896668581902e+00
5.013569662618339251e+00
4.985069814774870878e+00
4.930095491871898439e+00
4.874626543162363213e+00
4.818955617905141153e+00
4.764770102075634561e+00
4.709406372726401280e+00
4.654265970976595668e+00
4.599538191922682984e+00
4.543299393354183202e+00
4.488877692892465632e+00
4.432968335837944807e+00
4.378213356007989887e+00
4.321487914336538338e+00
4.266009655547366108e+00
4.210241611047425891e+00
4.153659448717441194e+00
4.099517838812592352e+00
4.043682239865355577e+00
3.987030375484929223e+00
3.931193870355813580e+00
3.877506941989844691e+00
3.821672759502586114e+00
3.766012520446267331e+00
3.710203230783900796e+00
3.654456337816549549e+00
3.601671554689135579e+00
3.546060858156354634e+00
3.489257531945209934e+00
3.432184843262906959e+00
3.376409915562395891e+00
3.322140372912389061e+00
3.267753531979335602e+00
3.212951321543190186e+00
3.156220121374125664e+00
3.100430129905455967e+00
3.045716886984692007e+00
2.996285618452959820e+00
2.968852426024955804e+00
2.919787462056157246e+00
2.869697798194224880e+00
2.815077774990807136e+00
2.758761200222962451e+00
2.703987956325287545e+00
2.659663875570657865e+00
2.622628162676030605e+00
2.597606900444317191e+00
2.570027665850727505e+00
2.542586136295065025e+00
2.506718832416714449e+00
2.456081367459799214e+00
2.402798925096869542e+00
2.348145037681033553e+00
2.296452542022964671e+00
2.257731646436997419e+00
2.244371061986045301e+00
2.216749891696043306e+00
2.214982525927180479e+00
2.208247070433802861e+00
2.177921047452346937e+00
2.147065641058116370e+00
2.094260478253728408e+00
2.041468078966320654e+00
1.998048313586368252e+00
1.984079408286210766e+00
1.941347030955639319e+00
1.912952151468569673e+00
1.918477060462636219e+00
1.872924140093578105e+00
1.830744885231031960e+00
1.780888061824988489e+00
1.739848444598321553e+00
1.699219160964411834e+00
1.681494088466423120e+00
1.663576740189051995e+00
1.646018049700522345e+00
1.656623228809180004e+00
1.662670061477789174e+00
1.664797187815265644e+00
1.650855651514657962e+00
1.601076885042265641e+00
1.548062558872145278e+00
1.514572542868706906e+00
1.481490276490710301e+00
1.445661019619083776e+00
1.410165015622936835e+00
1.373436636506949249e+00
1.335257179230528113e+00
1.301206471959427180e+00
1.268834241497425852e+00
1.235306172473431996e+00
1.249342035960453456e+00
1.240588808914768082e+00
1.235059535332116099e+00
1.241309161751203982e+00
1.252422763257378779e+00
1.264535953853997974e+00
1.283260899525031862e+00
1.301629551843591415e+00
1.325466748609468226e+00
1.339090772917465255e+00
1.364010244056847121e+00
1.380852477630488462e+00
1.376472251627116172e+00
1.396798140526178234e+00
1.468647845145637731e+00
1.483879447726925926e+00
1.501587596856008844e+00
1.526413294841038271e+00
1.543729987154954131e+00
1.568238214301731270e+00
1.578118228808380819e+00
1.599045629872640317e+00
1.620252204615552749e+00
1.634530110118931123e+00
1.705068987635272038e+00
1.746906113040089359e+00
1.787593134587223354e+00
1.828785356940395346e+00
1.868518391984331783e+00
1.919756195346527861e+00
1.936010757068127086e+00
1.971313018916173609e+00
2.020399395868237580e+00
2.092340689831283296e+00
2.170545521288756774e+00
2.248955597641602466e+00
2.299231150777905963e+00
2.370494994788396870e+00
2.448895390711797848e+00
2.527110066953984990e+00
2.604991769301665983e+00
2.683185020066875648e+00
2.760034559684159561e+00
2.837689635357979689e+00
2.915129191549221677e+00
2.992757889669221516e+00
3.069852477463544282e+00
3.140467494150370076e+00
3.217481388646608487e+00
3.294335819401759125e+00
3.370988704587860152e+00
3.447403904183581336e+00
3.523797991435354326e+00
3.600192078151147612e+00
3.676596908506221784e+00
3.753360768081009713e+00
3.835160774632983216e+00
4.292069438642514889e+00
4.280011631104733816e+00
4.319698280283891023e+00
4.346244602247529620e+00
4.366207000953012063e+00
4.381629331026597463e+00
4.394000750711427372e+00
4.378746934621692510e+00
4.359993534508221025e+00
4.331227158747961603e+00
4.302786002716018743e+00
4.274743931296738353e+00
4.246908730583402125e+00
4.219130348862122126e+00
4.191498263453212303e+00
4.163616484297429032e+00
4.136005060399502220e+00
4.109342997715123680e+00
4.081660637075291476e+00
4.054176364336753657e+00
4.026497448377732269e+00
3.998813901770572166e+00
3.971423191688360887e+00
3.943954161862881946e+00
3.916626023232611331e+00
3.889526289788173941e+00
3.862720253109441337e+00
3.835775042575067850e+00
3.808595952474958413e+00
3.781330900335758471e+00
3.754219648344346183e+00
3.727183209062765457e+00
3.701082842977266196e+00
3.673994813785179669e+00
3.619620143266903511e+00
3.565320203463886450e+00
3.510477237438688558e+00
3.456438994895332684e+00
3.401742897589286052e+00
3.347214350621016354e+00
3.293137252959600136e+00
3.238375272210262334e+00
3.188207211971124888e+00
3.134077107386996186e+00
3.080154319667272045e+00
3.023959049459564952e+00
2.969649743498735894e+00
2.916417581850734742e+00
2.862698813468377956e+00
2.809525413825576745e+00
2.756176585983749483e+00
2.702917739903000438e+00
2.649850905000030288e+00
2.596755947448577295e+00
2.540584462283942191e+00
2.485820210003353736e+00
2.432446246815922919e+00
2.379069604001780913e+00
2.326390519375856947e+00
2.273363847602774879e+00
2.220511132575133217e+00
2.168001145108412242e+00
2.115231911528518083e+00
2.062787105768716156e+00
2.010516500277581553e+00
1.958032928513252946e+00
1.905641493910210205e+00
1.853489159475261827e+00
1.801531364562711790e+00
1.749693754869969142e+00
1.697768569015384532e+00
1.643842650356216240e+00
1.589985089843730215e+00
1.536868776722626562e+00
1.481903064383138346e+00
1.427008767736359207e+00
1.372181223986625787e+00
1.317415546565072537e+00
1.262806948940329965e+00
1.208351078227466457e+00
1.153943108774209136e+00
1.099778572767067697e+00
1.045449602590779348e+00
9.912541030614423487e-01
9.373884660832582094e-01
8.838405542753058342e-01
8.303103515171361693e-01
7.792959282895093320e-01
7.255354038615616785e-01
6.721825149492579587e-01
6.189274253597600861e-01
5.657640228092321033e-01
5.146423324844184854e-01
4.629706018571136394e-01
4.099148470172240821e-01
3.571254330146695355e-01
3.065587919099262426e-01
2.536767006182351625e-01
2.021080045007923598e-01
1.513302610512961277e-01
9.863113008802198989e-02
4.778034977664286087e-02
-3.676196159874613179e-03
-5.423989136527779947e-02
-1.065187965157129713e-01
-1.569400249656736912e-01
-2.074845819898777644e-01
-2.590023658120900185e-01
-3.093160142605833607e-01
-3.602975923160177119e-01
-4.112825184254155220e-01
-4.615714044528109183e-01
-5.118602904802063147e-01
-5.641852786750327642e-01
-6.144249189229532560e-01
-6.646553382939148769e-01
-7.148857576648764978e-01
-7.651473199608752607e-01
-8.153393327345561659e-01
-8.656008950305549288e-01
-9.158266984155918333e-01
-9.660836414036381159e-01
-1.016391326338140999e+00
-1.034643428858257996e+00
-1.061074209746042607e+00
-1.087328914833924909e+00
-1.113482977777604521e+00
-1.139589622569748384e+00
-1.163870936130242617e+00
-1.186498171018963488e+00
-1.225663231111426610e+00
-1.235661113539250344e+00
-1.234113578941317124e+00
1.144055606944870407e+00
1.162820597905638076e+00
1.238539908729805683e+00
1.259454201466806200e+00
1.258341515609193939e+00
1.302321787344250970e+00
1.349405276654482178e+00
1.420188058970152767e+00
1.467072644269248327e+00
1.543669715866577752e+00
1.619732017308435301e+00
1.670405900028126611e+00
1.721680547485615387e+00
1.778300530207663543e+00
1.850702426689131430e+00
1.923956858071328435e+00
1.995922871686863553e+00
2.070393319346147010e+00
2.144731211380335623e+00
2.217694048850873401e+00
2.291161131493520298e+00
2.362325096112321443e+00
2.434923835781499513e+00
2.508953172855209690e+00
2.581423672763603960e+00
2.655485644868029738e+00
2.729711074899584755e+00
2.803368419285375168e+00
2.877250330304122361e+00
2.951124513146726969e+00
3.024809364139200429e+00
3.098286710579126080e+00
3.171619467723464592e+00
3.244825073901374868e+00
3.317892209462130815e+00
3.390791631820242458e+00
3.463608590898891837e+00
3.534826602426726971e+00
3.607306970990786343e+00
3.679665585501024960e+00
3.751904634572616359e+00
3.823949303770493469e+00
3.895891339266188247e+00
3.967753216125288862e+00
4.039489052023837345e+00
4.111072767735350908e+00
4.182566638719443119e+00
4.253951801156641288e+00
4.325362571238692944e+00
4.396692819688818865e+00
4.468023068024269406e+00
4.539042089181771544e+00
4.610360956779524955e+00
4.681656622935094880e+00
4.752145556360172662e+00
4.822730945952321768e+00
4.887231974647693100e+00
4.940783525841095702e+00
4.989143925624444975e+00
5.034632535879002724e+00
5.067996121710172552e+00
5.099883449081909603e+00
5.125198466810219955e+00
5.151129300452955917e+00
5.167574755771327411e+00
5.185049268501608744e+00
5.200164835784701012e+00
5.214197198317489956e+00
5.217397195688773692e+00
5.206497380247241402e+00
5.188946998816304834e+00
5.169593482682304675e+00
5.149073876543223349e+00
5.126571904105638566e+00
5.099551688409944106e+00
5.072393883652091873e+00
5.045168916771222811e+00
5.017503514486435279e+00
4.989326281898260440e+00
4.963102889958239672e+00
4.935119863866578527e+00
4.884798973730979377e+00
4.834315187972116235e+00
4.783431402734481530e+00
4.733176683913446148e+00
4.682769579061498710e+00
4.632464783115032070e+00
4.582219227581258991e+00
4.531421636333734959e+00
4.481060469801225743e+00
4.430179618412858567e+00
4.379868173832433875e+00
4.329306051539016487e+00
4.278942400472525165e+00
4.228490575547006358e+00
4.177414126781529902e+00
4.127081850262799279e+00
4.076521934031839045e+00
4.025876975422895576e+00
3.975446202866054879e+00
3.925144297117183712e+00
3.874334996938748166e+00
3.823115814936792756e+00
3.772064378395660889e+00
3.721271930743327516e+00
3.673306385629524939e+00
3.622701946388017902e+00
3.571669529244466457e+00
3.520696298481801545e+00
3.470150373364187413e+00
3.419592737889378231e+00
3.368994412248733639e+00
3.321184843738567594e+00
3.270882879516451069e+00
3.220303548598673959e+00
3.169717219879608638e+00
3.119571273373837439e+00
3.070448737538888029e+00
3.025076603021562338e+00
2.986742030439284434e+00
2.947147369176694287e+00
2.896710777762585565e+00
2.847160666520256900e+00
2.797291263100776693e+00
2.746812543396810469e+00
2.696578628535220901e+00
2.646516327151333670e+00
2.596210471518008323e+00
2.546006506837632077e+00
2.493913965161092428e+00
2.443307432153559056e+00
2.402028961669393947e+00
2.371989068546571211e+00
2.357815747304441434e+00
2.370034860146108979e+00
2.351517574081377404e+00
2.335019209774064741e+00
2.328317946256974746e+00
2.297458834157104945e+00
2.260572774391362838e+00
2.212645626648236608e+00
2.161866034200198960e+00
2.112061024527073005e+00
2.068019107477762741e+00
2.016952258922269259e+00
1.966129413207463372e+00
1.915897739049189363e+00
1.864483137397452195e+00
1.821182086434299352e+00
1.770580539969011546e+00
1.720470768689493113e+00
1.669177608238146426e+00
1.620811407904050760e+00
1.570735989913840891e+00
1.519666238923392587e+00
1.469382841880203072e+00
1.418448047684126800e+00
1.367724530292705687e+00
1.318210692005447493e+00
1.268851170043833632e+00
1.218417298882051192e+00
1.181839821272061553e+00
1.145474606241946747e+00
1.108847611952649359e+00
1.071825286525704746e+00
1.036834093099813225e+00
1.002860563315408626e+00
9.731409598230505997e-01
9.504636892779798618e-01
9.363562382390814287e-01
9.617532157287098649e-01
9.740414378066851731e-01
9.875515418509436261e-01
9.924250251625780228e-01
1.008547107385387109e+00
1.032441210629309047e+00
1.060864071395051678e+00
1.086917438876977560e+00
1.114428890643709424e+00
1.132788892144959592e+00
1.159581323554453647e+00
1.182146718043149081e+00
1.209282995871127087e+00
1.237590275410569207e+00
1.266975324050072960e+00
1.288727979902487775e+00
1.307552953513748006e+00
1.331972589977763022e+00
1.349368310013509431e+00
1.395570418755668118e+00
1.429052055579251634e+00
1.456747873961401041e+00
1.479718515367656195e+00
1.506274796945605621e+00
1.549767970334543499e+00
1.593727162250645257e+00
1.634310952293603014e+00
1.675589833156494901e+00
1.722680194265396869e+00
1.762747833264607600e+00
1.812775683087693102e+00
1.876105527851767985e+00
1.934030029954076024e+00
2.002949908180608585e+00
2.072071016992246495e+00
2.142677655553044236e+00
2.210632701014808799e+00
2.263093174896528392e+00
2.331822789311529753e+00
2.402797944618550119e+00
2.473809580295769806e+00
2.544346677904599563e+00
2.615161360215618735e+00
2.685934530659172648e+00
2.756568605106566316e+00
2.826582518116417919e+00
2.897031130566436019e+00
2.963304534602220208e+00
3.033831666243523628e+00
3.104198343383301584e+00
3.174404173711565136e+00
3.244408883611106909e+00
3.314346925971821012e+00
3.384128613529402863e+00
3.453973973475379378e+00
3.523833289863596008e+00
3.593278713850475370e+00
3.662285011271654067e+00
3.732299952412649890e+00
3.802317114801459397e+00
3.872271406932113802e+00
3.940989216906236603e+00
4.009158530688192279e+00
4.069568623556929943e+00
4.115247023496060308e+00
4.163351033242181920e+00
4.200015284456269704e+00
4.229985066056324960e+00
4.257482646420672090e+00
4.281046332592256753e+00
4.298461430490891466e+00
4.314168277858414058e+00
4.327791142662496426e+00
4.336783711334118330e+00
4.324787248228562753e+00
4.311759391288551235e+00
4.295491403232778893e+00
4.277159837611756110e+00
4.258828271990733327e+00
4.239431990149121532e+00
4.214767250550113253e+00
4.189207214613590580e+00
4.163765173959789401e+00
4.138470481239044041e+00
4.113150485536137602e+00
4.087980165475334715e+00
4.062786006270984629e+00
4.037721183282204862e+00
4.012788873328658745e+00
3.981835266082393243e+00
3.964171881377684059e+00
3.913956838573483754e+00
3.863713683855215297e+00
3.812954366991279098e+00
3.763480449310137033e+00
3.712980105399277253e+00
3.662640538222266873e+00
3.612531348887049631e+00
3.562229914037051248e+00
3.513628921595670196e+00
3.462931371068913577e+00
3.413986388050660459e+00
3.363292639755414370e+00
3.312776147060610299e+00
3.264283441013196008e+00
3.213849168703450054e+00
3.164722247531026156e+00
3.114295141762617458e+00
3.063583814030738761e+00
3.013667698318795551e+00
2.974077363272229935e+00
2.922980562691428030e+00
2.871398348624033314e+00
2.821646073121424347e+00
2.776732322176136858e+00
2.747755865616371196e+00
2.697744090794086613e+00
2.647912911149896686e+00
2.597504809316027341e+00
2.547093925038105500e+00
2.497859242247569611e+00
2.448559768229127354e+00
2.398768352215249422e+00
2.348013767115274320e+00
2.296788696056772050e+00
2.246472978222917583e+00
2.202794809068761683e+00
2.171470762397615051e+00
2.151070542821506670e+00
2.131026471330332406e+00
2.114775969231159181e+00
2.067459484149072324e+00
2.024159978134430826e+00
1.980029367408803420e+00
1.936837631893771006e+00
1.904819226704214330e+00
1.854697516049103267e+00
1.805651573378694419e+00
1.756011942314637198e+00
1.704709665834104992e+00
1.654680169432601433e+00
1.615950529107777811e+00
1.593904263001681532e+00
1.569711329047884796e+00
1.557329821467105413e+00
1.507886145328216188e+00
1.460620927721907325e+00
1.410762470338789321e+00
1.360427413249897244e+00
1.317389161843266931e+00
1.274721496143585542e+00
1.235222804822907028e+00
1.209415603821461183e+00
1.214307796495550207e+00
1.170397757903228753e+00
1.126929906128712577e+00
1.079482875631306404e+00
1.030666265359690303e+00
9.976903532994174650e-01
9.674150616701221450e-01
9.567125457210218231e-01
9.401380600035024182e-01
9.508810643033784871e-01
9.153221970904845683e-01
8.648190206847693462e-01
8.221099399913636141e-01
7.741838385741834916e-01
7.321422285065564139e-01
6.995669903859090821e-01
6.664772043119051581e-01
6.255158379976670791e-01
6.084232497239250304e-01
5.908471482704812372e-01
5.732710468170374440e-01
5.556949453635936509e-01
5.381188439101498577e-01
5.202296542942190793e-01
5.012332945440620691e-01
4.854940831684231295e-01
4.725144531508165824e-01
4.973244083801423021e-01
4.920489322381300656e-01
4.891090044498324074e-01
4.892656584104542739e-01
4.994943609193223111e-01
5.139964853974137160e-01
5.412544619092554132e-01
5.677414585865301344e-01
5.961784748737334327e-01
6.139612032532767438e-01
6.430054893510948055e-01
6.665776206128630754e-01
7.023022194281975938e-01
7.353502689348472288e-01
7.790528574316544219e-01
8.097359803975910930e-01
8.424930907997610907e-01
8.822950207458315486e-01
9.112888085369290625e-01
9.633165286372712410e-01
1.009088518277028168e+00
1.044371019704912085e+00
1.058585294450196779e+00
1.081411101962846510e+00
1.124996699641209963e+00
1.163407874223801652e+00
1.201976347811656742e+00
1.242314929898195697e+00
1.284687017918949570e+00
1.319849661392214379e+00
1.362046879936259947e+00
1.398016559661694025e+00
1.425572287816360140e+00
1.454048547250929246e+00
1.480742871849269893e+00
1.524520706256260016e+00
1.569117962969257096e+00
1.627483905639220740e+00
1.690705291513072250e+00
1.752135409070721739e+00
1.811045010319068505e+00
1.856142737403561060e+00
1.900067568392006745e+00
1.948177431935158133e+00
1.993600619937186291e+00
2.021735518224820449e+00
2.061155438331776057e+00
2.092179079603008862e+00
2.158409857560738221e+00
2.225125561598928048e+00
2.291083211456450108e+00
2.359899270919151526e+00
2.428649027677501682e+00
2.497799940416100650e+00
2.567235030498589143e+00
2.636336816662877336e+00
2.705293485083058336e+00
2.772426351418585622e+00
2.841894719048964291e+00
2.911692725752585531e+00
2.980871486796184300e+00
3.048553428418069533e+00
3.117715917236004053e+00
3.186584785326107117e+00
3.253333910933499773e+00
3.322610723444961334e+00
3.386876337134435033e+00
3.443788477027527328e+00
3.496220701523066854e+00
3.544888405261764408e+00
3.587628393916046488e+00
3.630810720850389473e+00
3.661504934187564952e+00
3.692663901322119635e+00
3.715845385715454530e+00
3.740754499435343217e+00
3.763311215083669836e+00
3.779627690212450819e+00
3.795944165341231802e+00
3.812805092237228966e+00
3.828881245646440057e+00
3.843587292324168736e+00
3.858293339001897415e+00
3.872999385679626094e+00
3.887792911223323156e+00
3.902379077364579452e+00
3.917085124042308131e+00
3.931791170720036810e+00
3.947048096939634654e+00
3.959263998762082348e+00
3.974614042286940929e+00
3.941556236668894542e+00
3.906851249972387308e+00
3.857962434596402090e+00
3.828892820636345729e+00
3.778822835286384851e+00
3.732210541202928056e+00
3.684677924572367314e+00
3.634025869103444606e+00
3.585456517474590932e+00
3.534948911448442921e+00
3.487109041435483725e+00
3.436262735576850691e+00
3.386074600577002602e+00
3.336204784624746456e+00
3.285585286593472709e+00
3.242506939539029354e+00
3.191511603583358170e+00
3.141040013821515764e+00
3.093185501522858871e+00
3.047539741681655645e+00
2.996872593979805544e+00
2.945699631283112740e+00
2.895374204807446006e+00
2.849355284784578224e+00
2.828755347374237950e+00
2.778689948177639479e+00
2.728512261768811786e+00
2.678469682264567275e+00
2.628455829067502414e+00
2.580211164312497196e+00
2.533095839962291151e+00
2.483027784982094754e+00
2.432408069850121812e+00
2.381356417502157985e+00
2.331831370817357918e+00
2.291344514148100142e+00
2.261882516344702054e+00
2.236636300990108683e+00
2.219669264324320768e+00
2.201235266608502883e+00
2.153918781526416026e+00
2.110935134020721637e+00
2.065800624111902906e+00
2.021375828666566843e+00
1.985021881716229508e+00
1.953722207637944575e+00
1.903303381942633710e+00
1.853174231057052035e+00
1.802697289466646424e+00
1.752425879189435598e+00
1.713696238864611976e+00
1.688023204428750201e+00
1.663525543078547164e+00
1.662579511054334436e+00
1.613090591187078537e+00
1.565235947558970997e+00
1.517995908897567858e+00
1.470792213113639502e+00
1.435226811469108910e+00
1.404233109978955563e+00
1.378683731461961548e+00
1.348702103043685652e+00
1.336139045118450941e+00
1.289819907255133735e+00
1.247355585381121790e+00
1.215957701059112717e+00
1.172640777483834773e+00
1.141332041931032215e+00
1.105636642701021577e+00
1.084886670832345912e+00
1.043338264066948184e+00
1.024168185782735163e+00
9.780826650401487354e-01
9.307813433377409851e-01
9.037672682298052429e-01
8.655378742501733669e-01
8.320291629809487555e-01
8.103908889431373774e-01
7.887526149053259994e-01
7.586686105463409380e-01
7.586903243704685718e-01
7.588567632572719157e-01
7.590232021440752597e-01
7.591896410308786036e-01
7.593560799176819476e-01
7.595225188044852915e-01
7.596889576912886355e-01
7.598553965780919794e-01
7.600218354648953234e-01
7.601882743516986674e-01
7.603547132385020113e-01
7.605211521253053553e-01
7.606875910121086992e-01
7.608540298989120432e-01
7.610204687857153871e-01
7.613705045374798974e-01
7.609626386263702580e-01
7.611290775131736019e-01
7.612955163999769459e-01
7.614619552867802899e-01
7.616283941735836338e-01
7.616142065354313262e-01
7.616167136764493417e-01
7.624397290448328146e-01
7.645246990749144933e-01
7.676465918696924184e-01
7.709549644280868641e-01
7.737152349566686071e-01
7.780979763468377497e-01
7.855444235613223691e-01
7.955725803603616031e-01
8.064005402590135319e-01
8.173917139300246326e-01
8.279754793125451151e-01
8.385592446950655976e-01
8.491430100775860801e-01
8.597267754601065626e-01
8.703105408426270451e-01
8.808943062251475276e-01
8.916375258062723130e-01
9.022608941612666467e-01
9.129575789531825247e-01
9.224107145134287089e-01
9.294559972059291963e-01
9.344494263213204421e-01
9.341058274676828921e-01
9.317783917451946119e-01
9.273307989153753983e-01
9.210769611940888835e-01
9.072935945502119681e-01
8.907298525379581111e-01
8.721198441248675381e-01
8.528094026737229605e-01
8.324333170732751697e-01
8.110190967570979348e-01
7.881654728186701098e-01
7.673036309134398936e-01
7.514489383904109365e-01
7.400145396106729834e-01
7.312462544192758207e-01
7.243498554608998052e-01
7.179605157768353951e-01
7.165453777374078959e-01
7.197123112995784666e-01
7.265249980044837796e-01
7.341647342944126464e-01
7.416912991903161778e-01
7.469225482236555580e-01
7.556290237785484587e-01
7.761889153039567280e-01
8.033660210391709855e-01
8.309124960728495601e-01
8.584589711065281348e-01
8.860054461402067094e-01
9.146076983204866062e-01
9.469702038930176702e-01
9.749487397540311795e-01
9.903618499761746019e-01
9.791295285930655679e-01
9.393299463503950175e-01
8.957269038821604745e-01
8.491153157613104963e-01
8.037435919926512184e-01
7.536651443835523656e-01
7.035215348336378849e-01
6.532957314486009803e-01
6.030699280635640758e-01
5.528779152898831706e-01
