9.651704290459320879e-01
9.843807700932063476e-01
1.003556352891196823e+00
1.022981074135210999e+00
1.042686558116858730e+00
1.062214813045714301e+00
1.083697653460234722e+00
1.100658864577141793e+00
1.116214166896386306e+00
1.129793062904359102e+00
1.141031124479481740e+00
1.130624795458311960e+00
1.143964137523043600e+00
1.144442259068903178e+00
1.164083539999206662e+00
1.173679442155998398e+00
1.201616552372494873e+00
1.253200340346743547e+00
1.312758795461582695e+00
1.379196685530293509e+00
1.434000799615928967e+00
1.478129934722390182e+00
1.519424656948888730e+00
1.541571011833852145e+00
1.576810859957213484e+00
1.619575495765149808e+00
1.665222209382471119e+00
1.712001739849333459e+00
1.756478284802372114e+00
1.796232597218078375e+00
1.827018285422405297e+00
1.850407138040248700e+00
1.866677529229107568e+00
1.876116425926214193e+00
1.881792564012943592e+00
1.901740180593341822e+00
1.934374496170769397e+00
1.981849380289527840e+00
2.036461989187065669e+00
2.095664153168994570e+00
2.157595184708795966e+00
2.202692572046606401e+00
2.265356732133318118e+00
2.333253635126398606e+00
2.400765876368001095e+00
2.463918306395767921e+00
2.516690080309201605e+00
2.554882222052826002e+00
2.602735237882226826e+00
2.655311618458327860e+00
2.709812172394490126e+00
2.775999030793097955e+00
2.843104799339227107e+00
2.908732985805889903e+00
2.968904323862564976e+00
3.022963001463122357e+00
3.070344773724022591e+00
3.105396297429213526e+00
3.165044901190168236e+00
3.234750445080879722e+00
3.304569507403102513e+00
3.372356265574664835e+00
3.434254457452106113e+00
3.503225168633507636e+00
3.566489161836683852e+00
3.632965090486816262e+00
3.691360527825519711e+00
3.748037192860929068e+00
3.803363616675107028e+00
3.853112621740016230e+00
3.897005375020516915e+00
3.941440064205492533e+00
3.972701637736820501e+00
4.004810437387000377e+00
4.029378962300588896e+00
4.055448328451804585e+00
4.078847934649539653e+00
4.095989082237888823e+00
4.113369593329155194e+00
4.130421432821691496e+00
4.146563148076403138e+00
4.161399444129102676e+00
4.176235740181802214e+00
4.191072036234501752e+00
4.206545947180017286e+00
4.220380609567374819e+00
4.233817374803498623e+00
4.245315570567559149e+00
4.248801310141621990e+00
4.241007740418740291e+00
4.244728468855941017e+00
4.204033168800187958e+00
4.155590596101292888e+00
4.105833198040965470e+00
4.058330355578213755e+00
4.008108119667707747e+00
3.958492166624559161e+00
3.908668722946660790e+00
3.858573356641304297e+00
3.810361559051963276e+00
3.759616983909316534e+00
3.711226357373798024e+00
3.659999673094520123e+00
3.609941456794123038e+00
3.561217388201275647e+00
3.510374562499217976e+00
3.463160790401798472e+00
3.413209519388507918e+00
3.363198653708048713e+00
3.312812318633004516e+00
3.262596996668534644e+00
3.212116406818448233e+00
3.161707188589874651e+00
3.111241277016563167e+00
3.060953034739265277e+00
3.010695912129431218e+00
2.960299772261989482e+00
2.909817591877981169e+00
2.859422614091039261e+00
2.808580456875196418e+00
2.756160940358928890e+00
2.703183197005312177e+00
2.649984126164640408e+00
2.598779967759235365e+00
2.553615346845152789e+00
2.522432060800294362e+00
2.517660317355580712e+00
2.530359722635862507e+00
2.546041577377843534e+00
2.576472557189387835e+00
2.576534667357053721e+00
2.536220124599924297e+00
2.488002216276960166e+00
2.438894787586563861e+00
2.389179412496909460e+00
2.339165371369112734e+00
2.290614149272992783e+00
2.240754581613914720e+00
2.190285711104770439e+00
2.138718806828570518e+00
2.086019678843868519e+00
2.033320566105243810e+00
1.980548000672012421e+00
1.927287913974393252e+00
1.876881491583332284e+00
1.825429004743541306e+00
1.777562709613557779e+00
1.743511219310516447e+00
1.729789684667668803e+00
1.738998782909334961e+00
1.754364598100186301e+00
1.768956277328921578e+00
1.790900973361520876e+00
1.826112645457940165e+00
1.862087011068953135e+00
1.895665216218092253e+00
1.929521312680709144e+00
1.890051754562034336e+00
1.843818712903647405e+00
1.793734445039800951e+00
1.744051043404816426e+00
1.691440650096889708e+00
1.641167709729441260e+00
1.590675633129551514e+00
1.539526623534464234e+00
1.491068370619163641e+00
1.442172859443324962e+00
1.401536951862414115e+00
1.371204781427940000e+00
1.341508227374431428e+00
1.303708331732142733e+00
1.289908006128994700e+00
1.276291071229216589e+00
1.262768442683366077e+00
1.248613859582784258e+00
1.233838926826461346e+00
1.218375556154081885e+00
1.202912185481702423e+00
1.187448814809322961e+00
1.171985444136943499e+00
1.196342393738403231e+00
1.188605972968255209e+00
1.180869552198107186e+00
1.173148648382525305e+00
1.165934374837782839e+00
1.157072912291389866e+00
1.169323195233406221e+00
1.182607720318994415e+00
1.199723605700037332e+00
1.203000201925256807e+00
1.220401092757994466e+00
1.235689880119195783e+00
1.265341370476999572e+00
1.293235492430984790e+00
1.326472126909329585e+00
1.350320143900935355e+00
1.382280239914601916e+00
1.421358189768423985e+00
1.449556323305789318e+00
1.494250867927211068e+00
1.530750947928640526e+00
1.562277581497065304e+00
1.591144758154510397e+00
1.615333780628726679e+00
1.653115303523907675e+00
1.693047026435468894e+00
1.730532496224343353e+00
1.765151446879044794e+00
1.796928081528894827e+00
1.826553205921395584e+00
1.853488470409592415e+00
1.877883876844062661e+00
1.902404677648341202e+00
1.936692031145984982e+00
1.976900093465426611e+00
2.016033887936725222e+00
2.047691786430387406e+00
2.078710524217433520e+00
2.141120896671112384e+00
2.208734680557773000e+00
2.277309771401512251e+00
2.343801799775437456e+00
2.411991366532438619e+00
2.480351967498253263e+00
2.548274767254921525e+00
2.616663178057568206e+00
2.684012902194730099e+00
2.726801418114616737e+00
2.795248280389615481e+00
2.863516789445639699e+00
2.928469859995187274e+00
2.996641050251367400e+00
3.066109423666186107e+00
3.135105400317639734e+00
3.204044392634512572e+00
3.273407911272352422e+00
3.342178271678895474e+00
3.409637292004359832e+00
3.479452601513111976e+00
3.549267910323857578e+00
3.618994021165508279e+00
3.686406663419354413e+00
3.755982636904526828e+00
3.825903321557153625e+00
3.895217401274223779e+00
3.964772013728493416e+00
4.029993636364462617e+00
4.085931415705613468e+00
4.136018392954363243e+00
4.182715746862997186e+00
4.223291400648433225e+00
4.261756611176120479e+00
4.290960147578432249e+00
4.320283952844066633e+00
4.341740088893948801e+00
4.364422643238816235e+00
4.383402847350920339e+00
4.400348534083517116e+00
4.417129209998837069e+00
4.432402777847384456e+00
4.444034354390232977e+00
4.451200835096539521e+00
4.457184327625465237e+00
4.463120566547909007e+00
4.468462103216145564e+00
4.472749358449607193e+00
4.476994266273333523e+00
4.479825860423116701e+00
4.474257226361912920e+00
4.459259827960175393e+00
4.459608131644183793e+00
4.414562369603047820e+00
4.367570493713871294e+00
4.317287570439077626e+00
4.270386765588916944e+00
4.219897269872447509e+00
4.169563262710674678e+00
4.121783495281932552e+00
4.071135386533916822e+00
4.023594034189910573e+00
3.972932470259525672e+00
3.927836922316547241e+00
3.877088227331356940e+00
3.826871223154764579e+00
3.776666733473545978e+00
3.725788146995197003e+00
3.678936814092863994e+00
3.628590535126825944e+00
3.578168161110615753e+00
3.527621903248742363e+00
3.478869174477042581e+00
3.427809050756916776e+00
3.377371262942622021e+00
3.326895232631002841e+00
3.276168512952243095e+00
3.231744984655787523e+00
3.181392395670397111e+00
3.130755715082805146e+00
3.080740005034085183e+00
3.030502460698434763e+00
2.980309846915856209e+00
2.929680979985411771e+00
2.879036325992762713e+00
2.827027087407454786e+00
2.776540738013006049e+00
2.735200847287755366e+00
2.717812152808658066e+00
2.718867145272403807e+00
2.700440522554393041e+00
2.688413023447827843e+00
2.649872002300829088e+00
2.600622181938996746e+00
2.551002098268427165e+00
2.501635511210885010e+00
2.453382165868907894e+00
2.404148417701228002e+00
2.353937636333669481e+00
2.302692784839472484e+00
2.249379288433249080e+00
2.197590052938510397e+00
2.148028234795308578e+00
2.109812071974961789e+00
2.098314347336642793e+00
2.103087163451551334e+00
2.133679225726861528e+00
2.120336736265017841e+00
2.070002029542529876e+00
2.018907687855160837e+00
1.970870484035668557e+00
1.938930892729770816e+00
1.913764351802503150e+00
1.904136344489505639e+00
1.913748480607543767e+00
1.944988831874419732e+00
1.944824147424538463e+00
1.946294076287482078e+00
1.932346290675962530e+00
1.883733726382942564e+00
1.838051024842113801e+00
1.789317929568466470e+00
1.746560960003004981e+00
1.698102609937522489e+00
1.668683261714855037e+00
1.636833965921845380e+00
1.604505557609045230e+00
1.592811869828084204e+00
1.579336981989704070e+00
1.577601324305272446e+00
1.585058046948415900e+00
1.603380726508815801e+00
1.593194020974859182e+00
1.608170718545824052e+00
1.588298145168121289e+00
1.543504214377644512e+00
1.498710283587167735e+00
1.454183904779295489e+00
1.408629121451882238e+00
1.363074338124468987e+00
1.317519554797055736e+00
1.271964771469642486e+00
1.269505403022560541e+00
1.247460841548250654e+00
1.224377951900527561e+00
1.198501508465319221e+00
1.180100806161761939e+00
1.184164134005031066e+00
1.200493812044742148e+00
1.215215736051259654e+00
1.231978631760721532e+00
1.239821351273017624e+00
1.262435811519142748e+00
1.281876260495140141e+00
1.309853602928549465e+00
1.332680506668557641e+00
1.364307925795666510e+00
1.388164842174445912e+00
1.413783661734824060e+00
1.451619972887953525e+00
1.481844379131750378e+00
1.524201544623527083e+00
1.557165872034101950e+00
1.586777864776820035e+00
1.614283452310332878e+00
1.642524926711045996e+00
1.680969297188202205e+00
1.716900416531481177e+00
1.757141541273970375e+00
1.793722384709468098e+00
1.824809522168300058e+00
1.851838418921094798e+00
1.873442017832934070e+00
1.896731101410308984e+00
1.923369086245461768e+00
1.954646498791825726e+00
2.015007084559901962e+00
2.080964740707259786e+00
2.146286403602596593e+00
2.213999639066702052e+00
2.281577024306451928e+00
2.350410498043898677e+00
2.419917873817583054e+00
2.488733945776788747e+00
2.558234022941393793e+00
2.627764310275381821e+00
2.696514076040080532e+00
2.761467147614176110e+00
2.829262778324090899e+00
2.885269031136705742e+00
2.953797829030038180e+00
3.022793806953136819e+00
3.091400195819939967e+00
3.160800372863122654e+00
3.229998065251829864e+00
3.299240293411482394e+00
3.368675393782285976e+00
3.438359366296356967e+00
3.507926956559752618e+00
3.576620211485512346e+00
3.646257794069240443e+00
3.716022185354213470e+00
3.785852885783982824e+00
3.855132604469406754e+00
3.925108035044311716e+00
3.994790922601974881e+00
4.061015576666246574e+00
4.126881175547817193e+00
4.178888374813418238e+00
4.224311440458775380e+00
4.267062980293191643e+00
4.303650559194456271e+00
4.333568539659676588e+00
4.362609941571410133e+00
4.384227846057200395e+00
4.405518774974892970e+00
4.421883223446965161e+00
4.437399197005468920e+00
4.450841629441351976e+00
4.450550405658137088e+00
4.444112304505180688e+00
4.431111839252954709e+00
4.412831387801914751e+00
4.390916424462377954e+00
4.366521961384549400e+00
4.339551633930051722e+00
4.312001042391393923e+00
4.284350861141190236e+00
4.256759833111657620e+00
4.229012267569679295e+00
4.201532042527714061e+00
4.175119592200228880e+00
4.147836052466169932e+00
4.097552277501861795e+00
4.047199871353295286e+00
3.996741058580699946e+00
3.946604614617561513e+00
3.896262535716918052e+00
3.845928306436923183e+00
3.795602103241074943e+00
3.744240115907817579e+00
3.693764793829583670e+00
3.642374568011971014e+00
3.591823799940594419e+00
3.539313099655402084e+00
3.488327836464882203e+00
3.437269103146177063e+00
3.384253850775019501e+00
3.333575526463874450e+00
3.282936342302331667e+00
3.235259787957529998e+00
3.184703445064576144e+00
3.135404407625811185e+00
3.084231263120200683e+00
3.033841813029058532e+00
2.983959935577707334e+00
2.933388375232048428e+00
2.883042704998274974e+00
2.832314283900752905e+00
2.781921677351115729e+00
2.732400497249178439e+00
2.683160437820689470e+00
2.633648867543397110e+00
2.583004097436873980e+00
2.531862390703031096e+00
2.480859435511724609e+00
2.431023136565848564e+00
2.391017131842873233e+00
2.366040095379331465e+00
2.351838405003929822e+00
2.342087270100981389e+00
2.329394877137469511e+00
2.290386401046743181e+00
2.240000147853630885e+00
2.189856586303916774e+00
2.144898035706559902e+00
2.100658154522554000e+00
2.052518200979470020e+00
2.002310966774149659e+00
1.951456561253706701e+00
1.899873429743965447e+00
1.850509644842621704e+00
1.814404630765094728e+00
1.793056665334134436e+00
1.787785050040624268e+00
1.776062317409973890e+00
1.750461491867334463e+00
1.699149274105200336e+00
1.650873339652126681e+00
1.616571821588522084e+00
1.602098542574627249e+00
1.611208931810295342e+00
1.605314308532471257e+00
1.588228794727466031e+00
1.554131143390736991e+00
1.511846953304018193e+00
1.461606765267234875e+00
1.419470909097818367e+00
1.386200023376067625e+00
1.338293660386101536e+00
1.296122193330773387e+00
1.255674860638673396e+00
1.225876558766895164e+00
1.195387843636836145e+00
1.190349380448074035e+00
1.175426162496963745e+00
1.160888997876835749e+00
1.168447248845223108e+00
1.170974763259210683e+00
1.177181910115186581e+00
1.183415952856302411e+00
1.148373179621927198e+00
1.096530833951501194e+00
1.047079306672328070e+00
9.977342217596907314e-01
9.484054756894947369e-01
8.988092113436649822e-01
8.488763927875405679e-01
7.991308256660814013e-01
7.530448421842208528e-01
7.147840213539806697e-01
6.789742258828777022e-01
6.834175266032160856e-01
6.796516492023704226e-01
6.909823758433819574e-01
7.040628667372634819e-01
7.138073734600903775e-01
7.358256723276149769e-01
7.605730591719033207e-01
7.850768035412746260e-01
8.141899096167681815e-01
8.327036943390845325e-01
8.585234576708447030e-01
8.840675709443295283e-01
9.116943022941649266e-01
9.353787099623817047e-01
9.643812949656740408e-01
9.834397810475788981e-01
1.010430625556264062e+00
1.043909537286189515e+00
1.070352706493097994e+00
1.110619221875888574e+00
1.142852401639012916e+00
1.172756209139499184e+00
1.199750118707776592e+00
1.230706358678769208e+00
1.274106946646270666e+00
1.317272436101511124e+00
1.359569301153345844e+00
1.400772150513522663e+00
1.440671393169248748e+00
1.483248909745787270e+00
1.515122014745905688e+00
1.542890650374847850e+00
1.566682986475185224e+00
1.594787510196445268e+00
1.639068541357791231e+00
1.682968744042908638e+00
1.728041237819963660e+00
1.773225582448372473e+00
1.816368327630096369e+00
1.870932947724350148e+00
1.924545566013953879e+00
1.970004114145099461e+00
2.019897677229431476e+00
2.069923409021534599e+00
2.117021993510755706e+00
2.161436638366515339e+00
2.202830205539617836e+00
2.232026093079577223e+00
2.279313624941223360e+00
2.338049284334708933e+00
2.399378010144562090e+00
2.460377141664194856e+00
2.516182916314880558e+00
2.566725197354557508e+00
2.616605926733250431e+00
2.669225831596418796e+00
2.726948457672556891e+00
2.788890189462094327e+00
2.856376306153850297e+00
2.920318128278474923e+00
2.984280065823198491e+00
3.036952567927329927e+00
3.093232497472608866e+00
3.157614548361251661e+00
3.216946583622369626e+00
3.281628265248816678e+00
3.332006046994782977e+00
3.375515562768478528e+00
3.429686507107605475e+00
3.479699367451846381e+00
3.523497157538549196e+00
3.568114558802400804e+00
3.599180252793690471e+00
3.631831316854624347e+00
3.657268590074893577e+00
3.683984009551248828e+00
3.707952834203012138e+00
3.726431398221257574e+00
3.744909962239503010e+00
3.764022058268660764e+00
3.780543540703221073e+00
3.796335304402629784e+00
3.812127068102038496e+00
3.827918831801447208e+00
3.843791439595013237e+00
3.859451466504733919e+00
3.875324074298299948e+00
3.891145214992790535e+00
3.906849173458307067e+00
3.916009682381726975e+00
3.932279471373678614e+00
3.910295846111083939e+00
3.876613474936431825e+00
3.837776223340125803e+00
3.820788649323998865e+00
3.783949098481349971e+00
3.754759015738744488e+00
3.731422661365213056e+00
3.681376468368314114e+00
3.639342262060492050e+00
3.589016685765114900e+00
3.545200344517247970e+00
3.494732159362507584e+00
3.445968247361867132e+00
3.397174196218416320e+00
3.346738598470089698e+00
3.298217558498182989e+00
3.247758175840397055e+00
3.196999395765287133e+00
3.149966330883748000e+00
3.116772362895567472e+00
3.066303086148602031e+00
3.015907444408088001e+00
2.965517648959426378e+00
2.914856798652326386e+00
2.867460991267668735e+00
2.817140944653211410e+00
2.767103160686105845e+00
2.725269143701322783e+00
2.675149603001616416e+00
2.624452319824439162e+00
2.573219110109820740e+00
2.522563297295438822e+00
2.476547616355456505e+00
2.438876569397739225e+00
2.412314088295354431e+00
2.390173545570652980e+00
2.368084268918384527e+00
2.348169022491759073e+00
2.310544517589276481e+00
2.276369524194087557e+00
2.226581370277938010e+00
2.178262308113746215e+00
2.129518310549690874e+00
2.080126207335459831e+00
2.029554535381076885e+00
1.978022719835074827e+00
1.926984546193278414e+00
1.882973416034082081e+00
1.854906530215368887e+00
1.846093015595103415e+00
1.860423041979766712e+00
1.864064959780612929e+00
1.822719671942699682e+00
1.780905128949173966e+00
1.730747217280562911e+00
1.691800651375155562e+00
1.666674980014370533e+00
1.640321932991134046e+00
1.638577915946677566e+00
1.615137059505895589e+00
1.564683110359179175e+00
1.513160331803388825e+00
1.466110816923052340e+00
1.415791044334965276e+00
1.364982076684120305e+00
1.314995218899346341e+00
1.268095455581429665e+00
1.238372088407402094e+00
1.216482421373059397e+00
1.213737481928224282e+00
1.207078726640403277e+00
1.228211780219845561e+00
1.246947041487654451e+00
1.247314351812882194e+00
1.265332644501975246e+00
1.246622521715863963e+00
1.205830263727923235e+00
1.155674250812896986e+00
1.105400251046523508e+00
1.053778734368015835e+00
1.004977289863943746e+00
9.559436656632678275e-01
9.067494584160481486e-01
8.575552511688284696e-01
8.078934231184025094e-01
7.595240367380721169e-01
7.199142942300020831e-01
6.838749555670519120e-01
6.524664089466454264e-01
6.669799035928116737e-01
6.756300028340492814e-01
6.885033928001859094e-01
7.043209233238322264e-01
7.202936526470000711e-01
7.404850671713835153e-01
7.664060543672560621e-01
7.892642337791633267e-01
8.155248868388653705e-01
8.398453768067569714e-01
8.674134887101714320e-01
8.854740938391956195e-01
9.045867658359083574e-01
9.272571615602774875e-01
9.547673597654765532e-01
9.757166668116424857e-01
1.003954924464373066e+00
1.038447103281982642e+00
1.064623930444932531e+00
1.102502189411397326e+00
1.138247099833529674e+00
1.173113076931672438e+00
1.201425369622078243e+00
1.235763153572735362e+00
1.279006445677781434e+00
1.323191546574973287e+00
1.366745945471001589e+00
1.407355155845239958e+00
1.447642157099494842e+00
1.481447504950015759e+00
1.513661372256213333e+00
1.545284427141882189e+00
1.566854676958089110e+00
1.600562850177691399e+00
1.641500561837017758e+00
1.675091767079762706e+00
1.718597391315116463e+00
1.767051142911635342e+00
1.818520735702390034e+00
1.874019906245960820e+00
1.926981708898380496e+00
1.975079345213100801e+00
2.023984535261160289e+00
2.071174478942356068e+00
2.116666563533439405e+00
2.159646674544118738e+00
2.202680001123406672e+00
2.236142955052624615e+00
2.291610716702352502e+00
2.346195572777647342e+00
2.395866969335791019e+00
2.453957647301894696e+00
2.517663217546154186e+00
2.577187208743779490e+00
2.631770640328460864e+00
2.686952288275835876e+00
2.729281900880035749e+00
2.790750737457687869e+00
2.858351742474080304e+00
2.920614503583898180e+00
2.980073978605246587e+00
3.032813661919416148e+00
3.097086497168918484e+00
3.160983295192011155e+00
3.216061615092150827e+00
3.280488659305210941e+00
3.332215177862609234e+00
3.376399479251008362e+00
3.426812812005926023e+00
3.477714645788298142e+00
3.522062796498253157e+00
3.567358533093681672e+00
3.599149762691201015e+00
3.632404437496875804e+00
3.658568030446774699e+00
3.686054222406871528e+00
3.711086439898787059e+00
3.730509082283087086e+00
3.750212503120068597e+00
3.770500079215520994e+00
3.787113051714590117e+00
3.803138621785383755e+00
3.819164191856177393e+00
3.835189761926971030e+00
3.851297997154847774e+00
3.867200125466783600e+00
3.883225695537577238e+00
3.899251265608370876e+00
3.915224215086565707e+00
3.926604734612721970e+00
3.943189632419440649e+00
3.923592215329558819e+00
3.891673682067619655e+00
3.854652093202569407e+00
3.837408378444704837e+00
3.798334576699195164e+00
3.768706028976219091e+00
3.738546847451555966e+00
3.688697036722158540e+00
3.649817695588859490e+00
3.600059992021060751e+00
3.560082611823112586e+00
3.509275774236509271e+00
3.460425121281793803e+00
3.411377812196063619e+00
3.361230228190613900e+00
3.326273589936716846e+00
3.275809854775657559e+00
3.225904312267244833e+00
3.177497649596168205e+00
3.135688642827823003e+00
3.085365785945446415e+00
3.035294001696189792e+00
2.985560538993500046e+00
2.937190062562350157e+00
2.897834200692015916e+00
2.849613467019278090e+00
2.800594313437432259e+00
2.750647937963266898e+00
2.701117468608416949e+00
2.652176332745131759e+00
2.602556245854327432e+00
2.552114588614478041e+00
2.500817501318794100e+00
2.449485010562553633e+00
2.400018008514217538e+00
2.363060664077639483e+00
2.343226009327817216e+00
2.330622248659893536e+00
2.327859563316171609e+00
2.312936109343471713e+00
2.263661988226730148e+00
2.213618713448744391e+00
2.163706300960205997e+00
2.115656696686677662e+00
2.070656055510634808e+00
2.036594097111187551e+00
2.002686645118586739e+00
1.952350169975348271e+00
1.900818676207720159e+00
1.849826729319216989e+00
1.806483673015358615e+00
1.779127727670968939e+00
1.767543869259963651e+00
1.785155947019907208e+00
1.765759833067158890e+00
1.746014329103689366e+00
1.703127835440928273e+00
1.652382454798694278e+00
1.609384291473679784e+00
1.569733305637583065e+00
1.531584740450983917e+00
1.499253588059922482e+00
1.494585186557371381e+00
1.446740860542427010e+00
1.409889710908054816e+00
1.391077300492828739e+00
1.355218455867822414e+00
1.331024112130884784e+00
1.297519234191695015e+00
1.272825493705871835e+00
1.247071922291421719e+00
1.251770569939919531e+00
1.249760752342407244e+00
1.242633734497151421e+00
1.258217301544341415e+00
1.207882204017207917e+00
1.157074920957014363e+00
1.106935789102483580e+00
1.056883608970614841e+00
1.005843775284291475e+00
9.622570901282220257e-01
9.183954285176703092e-01
8.741264177972696281e-01
8.293324870067929622e-01
7.837721592194748510e-01
7.436014055833638503e-01
7.065945734005639745e-01
6.738426574955809212e-01
6.429838880573532922e-01
6.582106519995115645e-01
6.628823027435075677e-01
6.724119524614394772e-01
6.853638101751612366e-01
7.010174254093334278e-01
7.206062153212478005e-01
7.432130415425637349e-01
7.638960215725030256e-01
7.884354946526590524e-01
8.035790696171191128e-01
8.304749256451220418e-01
8.510358228190305629e-01
8.792217837177137563e-01
9.043895058224213912e-01
9.362566461922744443e-01
9.655173413070055055e-01
9.939350784901070934e-01
1.019995125455453788e+00
1.043299879945426278e+00
1.088352642944034887e+00
1.129931429370991225e+00
1.165082043795193867e+00
1.190356552958000913e+00
1.224222443919235070e+00
1.269146620862427799e+00
1.312188070572871235e+00
1.353425852157687181e+00
1.391618084355928042e+00
1.427529190093734801e+00
1.464521620996228846e+00
1.499711556015281166e+00
1.537039557097582998e+00
1.565415858113133662e+00
1.585848178043730794e+00
1.627890053247534219e+00
1.671781377990916972e+00
1.716875191547376556e+00
1.764019946980638354e+00
1.809907442012818279e+00
1.853364240928903506e+00
1.909491206751627868e+00
1.960838448517163268e+00
2.017640387366939514e+00
2.070873519017770725e+00
2.116345174280835018e+00
2.157953043325170128e+00
2.193793648388833173e+00
2.227918798779310094e+00
2.285428819192310002e+00
2.341206331009308528e+00
2.399012094196517619e+00
2.457531816976647132e+00
2.514276835607270222e+00
2.568989699543910987e+00
2.621238267166146052e+00
2.666538205826062047e+00
2.712968576156365330e+00
2.765291242323784093e+00
2.831304745866297434e+00
2.896896165949054414e+00
2.959796880640248595e+00
3.012242058313751247e+00
3.072044340389981976e+00
3.131110308690255639e+00
3.178868082414614715e+00
3.236115756529082343e+00
3.285292111343807164e+00
3.333127427287704947e+00
3.385438753630465758e+00
3.435284540868296155e+00
3.479402067361679673e+00
3.524697803957108189e+00
3.556489033554627532e+00
3.589743708360302321e+00
3.615907301310201216e+00
3.643393493270298045e+00
3.668403839721722459e+00
3.688324884411567695e+00
3.708521079422573141e+00
3.729249172186456462e+00
3.746016532647329367e+00
3.762116480786930062e+00
3.778216428926530757e+00
3.794233911431873274e+00
3.810447728626344954e+00
3.826547676765945649e+00
3.842647624905546344e+00
3.858907766437560394e+00
3.874880715915755225e+00
3.887478475299517733e+00
3.903434479305905036e+00
3.884042124355834069e+00
3.845287484767037967e+00
3.802414983515991498e+00
3.781059244705732070e+00
3.733678499826493358e+00
3.688328596998803555e+00
3.654757966160116833e+00
3.604630447348978084e+00
3.558108644451686509e+00
3.507536321866767004e+00
3.458379022244026935e+00
3.407735434636921745e+00
3.360380296862787386e+00
3.310387178725870516e+00
3.259438316498622701e+00
3.211607384438196267e+00
3.161626322854193649e+00
3.111935820886376991e+00
3.062036461925665698e+00
3.013501016568119528e+00
2.962225120010103296e+00
2.911137777849885033e+00
2.861419871983556185e+00
2.812022286378465630e+00
2.764412951817190933e+00
2.714210675358487368e+00
2.664084577884777705e+00
2.613592040822934504e+00
2.562931854540280163e+00
2.512637479225578119e+00
2.462323523733616959e+00
2.412064762074348501e+00
2.361685988522669977e+00
2.311366848087133441e+00
2.261146080132804936e+00
2.210811584128793861e+00
2.160432651670956883e+00
2.109870522812984373e+00
2.059473932710861543e+00
2.009092667074249050e+00
1.958179787780443215e+00
1.907485719580161776e+00
1.856609083654280123e+00
1.805166955980260779e+00
1.752314628470574398e+00
1.697961567863680132e+00
1.647497538314186993e+00
1.597591071815308128e+00
1.546313920963882094e+00
1.496129708503090461e+00
1.456742919155157967e+00
1.429171208242876245e+00
1.399752563757137969e+00
1.394212411245297822e+00
1.346055618411003962e+00
1.297600947165920227e+00
1.247432275991781747e+00
1.196941053616609407e+00
1.151235379661055269e+00
1.111587660669109967e+00
1.080552067801045402e+00
1.055235178459530854e+00
1.057528359235349269e+00
1.007839145996793251e+00
9.621492240698971132e-01
9.135666726860085518e-01
8.641366624972268706e-01
8.303816324437871543e-01
8.016701308854106145e-01
8.008687345485996367e-01
7.776859092955773489e-01
7.855278703687408326e-01
7.546069996298200300e-01
7.042719317805837820e-01
6.542317528587253683e-01
6.034041327999389859e-01
5.536593910405910313e-01
5.079204428673004257e-01
4.622710563756999291e-01
4.150231847019013043e-01
3.876299784210902044e-01
3.590270076984781733e-01
3.300805678608420557e-01
3.008087185937882713e-01
2.710934336953155221e-01
2.425195238372638840e-01
2.204322345562398089e-01
2.041349798630435197e-01
1.965271030268804509e-01
2.248076936288576633e-01
2.397933159825970106e-01
2.564291499285500375e-01
2.725794019557905012e-01
2.868216428203390067e-01
3.051815129520978331e-01
3.338844813033859937e-01
3.593172654872124339e-01
3.891470059413625338e-01
4.148002975904276912e-01
4.476936829012450048e-01
4.729657902391759539e-01
5.009790701362292209e-01
5.269841673206441257e-01
5.623154746936442905e-01
5.896372391904056709e-01
6.266628106752183403e-01
6.677634878171017085e-01
6.930760414059782271e-01
7.411618721184743963e-01
7.845335413048483142e-01
8.263136446093561904e-01
8.661787606150272989e-01
9.021544645290646702e-01
9.482910516693309200e-01
9.921305103854423102e-01
1.035441663747061369e+00
1.078762484755051432e+00
1.121573083631428602e+00
1.164575605273617587e+00
1.204909033751880854e+00
1.246152674045559516e+00
1.277517986685339890e+00
1.312940616144532058e+00
1.359010870324675269e+00
1.404254707203873576e+00
1.438296218857983977e+00
1.469671114461888362e+00
1.524283723359426190e+00
1.584989634597722796e+00
1.641472613336576014e+00
1.688259932206726210e+00
1.738169330648394739e+00
1.784879442182880638e+00
1.829310253659685026e+00
1.858957415500980037e+00
1.899450155588059852e+00
1.930975951495552234e+00
1.983869811945037309e+00
2.033621621956954950e+00
2.081979122188569509e+00
2.138311628570612299e+00
2.190561942991216871e+00
2.239653774197529312e+00
2.290924164503542748e+00
2.336139521745812520e+00
2.376439770556128206e+00
2.423142174123843695e+00
2.474806036544290322e+00
2.528337342231813167e+00
2.581019400256631346e+00
2.622051580290099881e+00
2.673548012579786359e+00
2.725155031194119726e+00
2.768155572995152358e+00
2.818906946598323415e+00
2.863085736429448414e+00
2.907134637190666560e+00
2.949547566345303906e+00
2.994035440386394242e+00
3.036315404670046014e+00
3.079448929400052215e+00
3.109988443137827741e+00
3.141461547679873068e+00
3.166575718943414053e+00
3.194142165310660086e+00
3.219747501486445174e+00
3.240376401931018613e+00
3.261401538932744426e+00
3.283154104622782121e+00
3.300376371209425841e+00
3.316874479172682744e+00
3.333664896903855812e+00
3.350621913604745483e+00
3.367578930305635154e+00
3.384535947006524825e+00
3.401492963707414496e+00
3.418449980408304167e+00
3.435225825343196870e+00
3.448923551683911182e+00
3.465583883058100945e+00
3.448543249477355577e+00
3.420145658762155705e+00
3.384949779017874416e+00
3.373288686965859817e+00
3.341511264068344644e+00
3.315971677825793051e+00
3.300914460392168071e+00
3.256557975560663287e+00
3.229690043256032261e+00
3.181624111856629078e+00
3.148698994295004105e+00
3.099385367459608354e+00
3.058004098167503848e+00
3.025426103467379946e+00
2.975356484930903544e+00
2.936908093665162589e+00
2.887147681439692359e+00
2.836834302760160575e+00
2.785712895356535324e+00
2.736833640014895597e+00
2.691155601815029996e+00
2.660307995995797370e+00
2.629039912295862091e+00
2.599756352163045126e+00
2.594925774581026356e+00
2.551686384571720367e+00
2.503296338299346946e+00
2.454921315567412776e+00
2.406642595720938971e+00
2.358913888862790298e+00
2.309349751266583262e+00
2.259419705259975153e+00
2.209535894640449527e+00
2.159560824264016521e+00
2.109324876847695762e+00
2.064554941272689348e+00
2.031126854254797998e+00
2.003865933415683198e+00
1.989499023596453364e+00
1.978549136593053426e+00
1.941628322415735575e+00
1.908944862345175908e+00
1.860728900900267213e+00
1.811678879623077165e+00
1.761596245929155424e+00
1.712136284637788108e+00
1.668765279611160501e+00
1.618365976231310066e+00
1.567506722179818901e+00
1.516962878230662559e+00
1.475275363968072018e+00
1.446232885485462472e+00
1.417427747880526168e+00
1.415319433842032293e+00
1.366863035853435715e+00
1.316792043299902293e+00
1.266678455708554418e+00
1.217090359572779779e+00
1.178551057619937836e+00
1.145864251169825376e+00
1.121760312255460912e+00
1.101463035587736838e+00
1.096771897600021806e+00
1.047229849553516612e+00
1.002421356730771151e+00
9.555180852897897648e-01
9.064153571828160727e-01
8.705166140024104271e-01
8.380192080729295112e-01
8.267727480053983502e-01
7.964868584957949249e-01
7.897018286806402054e-01
7.814243071231397053e-01
7.497428293098840069e-01
7.080106064579219094e-01
6.570566011073589729e-01
6.066341303840055987e-01
5.595465592899228069e-01
5.115327357406401765e-01
4.623380589984557587e-01
4.327349315438756561e-01
4.001134135036836237e-01
3.677957974907301586e-01
3.343771590549223238e-01
2.983671452842322491e-01
2.653848181906656167e-01
2.412930636281593044e-01
2.276805756606812281e-01
2.231548427700594250e-01
2.521574403393828101e-01
2.672420980221660303e-01
2.813200207696612831e-01
2.906310498000440612e-01
3.044890324131612203e-01
3.329968017196081043e-01
3.630169842233432753e-01
3.885258582719507969e-01
4.152955952357486602e-01
4.377750966776489672e-01
4.700400844499142416e-01
4.974870087309399280e-01
5.302845483865060716e-01
5.606215859078910180e-01
5.973742421235318512e-01
6.231868881497439894e-01
6.566586048614602156e-01
6.980022123963547376e-01
7.310169136891627728e-01
7.817617708559913003e-01
8.280621264857589425e-01
8.712840476804404322e-01
8.874183692393249334e-01
9.300660325906275894e-01
9.750189603277767958e-01
1.013349294254445088e+00
1.057472944532346526e+00
1.104853752321814042e+00
1.151003814031365646e+00
1.194452837103420650e+00
1.230105913517672844e+00
1.268187491559470415e+00
1.295544495279566277e+00
1.335549649135538086e+00
1.373717191292781470e+00
1.401858661288541530e+00
1.449208374639865182e+00
1.497329967687263785e+00
1.548524596829929711e+00
1.608371286821955293e+00
1.663450049609998871e+00
1.711873162561151629e+00
1.757014724884024881e+00
1.803144377429791945e+00
1.848639748225640700e+00
1.887900557194967410e+00
1.923559555566414447e+00
1.950943023650314689e+00
1.994248088121608697e+00
2.045225103027895397e+00
2.097498876125859724e+00
2.150350946356201831e+00
2.210578753567995047e+00
2.266089217386477284e+00
2.313454454333714772e+00
2.362361659256773549e+00
2.406391898140869401e+00
2.450453696985944507e+00
2.512082901296452953e+00
2.569129945389908354e+00
2.622098519977348552e+00
2.665133459541065175e+00
2.717968337690256142e+00
2.769242150928809210e+00
2.809238951712351273e+00
2.863011661465063806e+00
2.907519862524213572e+00
2.954306179178951997e+00
3.000067686028141001e+00
3.046095195207325634e+00
3.088576328030098406e+00
3.132109998943135576e+00
3.162621810291536661e+00
3.194958989218161349e+00
3.221187605262716414e+00
3.249050466969613193e+00
3.274846997754016442e+00
3.295762651705627100e+00
3.316678305657237757e+00
3.338036390160129763e+00
3.355194364008551755e+00
3.371502643249528308e+00
3.387932385368330301e+00
3.404534128132640003e+00
3.421135870896949704e+00
3.437737613661259406e+00
3.454339356425569108e+00
3.470941099189878809e+00
3.487692249958479707e+00
3.501671437810538468e+00
3.518781546444757602e+00
3.502072570576133081e+00
3.476686171792849667e+00
3.441854781268568697e+00
3.427546862535976846e+00
3.394227657501491358e+00
3.364034322038109259e+00
3.346186696650182313e+00
3.304187873065868253e+00
3.293517848291839467e+00
3.250200847968903961e+00
3.223824401853205401e+00
3.175429261702153116e+00
3.142094542133631041e+00
3.107403409598380684e+00
3.060853641839002659e+00
3.025889594767851243e+00
2.977477322185426267e+00
2.935501486981464847e+00
2.886366206214619812e+00
2.843414241095679085e+00
2.798174133379144113e+00
2.759294076071930224e+00
2.719126767677722878e+00
2.677522296591088757e+00
2.657649430314021899e+00
2.613589535609484926e+00
2.563835357492538769e+00
2.514734737819448007e+00
2.475736319407960906e+00
2.425082143982105976e+00
2.375107517745524977e+00
2.334864695381357880e+00
2.286593424681098163e+00
2.236184974662071667e+00
2.184480380428499569e+00
2.134018290147224217e+00
2.092932633171791235e+00
2.069415073947046046e+00
2.064061040654930235e+00
2.072746728794102378e+00
2.047136848909976603e+00
2.020777206967213857e+00
1.975918224230529097e+00
1.928950711370210458e+00
1.879032409994759067e+00
1.829918441807481200e+00
1.786621020772803714e+00
1.736178637490075838e+00
1.685308285952886509e+00
1.636766315694057505e+00
1.595254799034155457e+00
1.564712216066767470e+00
1.538296773968693909e+00
1.512277375715640026e+00
1.465045162229044129e+00
1.424374641295730548e+00
1.387458550424254922e+00
1.346452828968778936e+00
1.311110142487200036e+00
1.280106828364759419e+00
1.251480692954035856e+00
1.219582338185374537e+00
1.218924874568395156e+00
1.173368631338025159e+00
1.138088170484234052e+00
1.126771806265882470e+00
1.085754692394104826e+00
1.053331140685904499e+00
1.004252484271509038e+00
9.581109419307165531e-01
9.067175259916627761e-01
8.577757382322070967e-01
8.086373288488551969e-01
7.599008565100654478e-01
7.243634885686678349e-01
6.862965287217910326e-01
6.560207259645414180e-01
6.376222494913619254e-01
6.201986511606411012e-01
5.931406285763171082e-01
5.965550338609002523e-01
5.996702289388889939e-01
6.027854240168777356e-01
6.057073171501963227e-01
6.092223773544722665e-01
6.121442704877908536e-01
6.154674058799263214e-01
6.189824660842022652e-01
6.220976611621910068e-01
6.252128562401797485e-01
6.283280513181684901e-01
6.314432463961572317e-01
6.345584414741459733e-01
6.376736365521347150e-01
6.407888316301234566e-01
6.440957461590698374e-01
6.469892625262521069e-01
6.500742179670514487e-01
6.531164633223783822e-01
6.554454360957476799e-01
6.576822997230197254e-01
6.591053371006206918e-01
6.605730235815892026e-01
6.609009599699395832e-01
6.595400756214953031e-01
6.575272274562462549e-01
6.555143792909972067e-01
6.535015311257481585e-01
6.514886829604991103e-01
6.494758347952500621e-01
6.474629866300010139e-01
6.454501384647519657e-01
6.434372902995029175e-01
6.414244421342538693e-01
6.394115939690048211e-01
6.373987458037557730e-01
6.353858976385067248e-01
6.333730494732576766e-01
6.313602013080086284e-01
6.295204437454912094e-01
6.271816234585630978e-01
6.243239613953871503e-01
6.209282624535066297e-01
6.171416451082677446e-01
6.120263614716516809e-01
6.064596160768330746e-01
5.993453147578668982e-01
5.920953149336293242e-01
5.856097085245116629e-01
5.791241021153940016e-01
5.726384957062763403e-01
5.661528892971586790e-01
5.595271704991368056e-01
5.530963375579407426e-01
5.492192747823464449e-01
5.457466079256875213e-01
5.450318706079629871e-01
5.455928330440845686e-01
5.483118068055687910e-01
5.521697715572064791e-01
5.573788453918907537e-01
5.633181107512064134e-01
5.705942879184666694e-01
5.793910661463189671e-01
5.900810305937969069e-01
6.023008470468299569e-01
6.151163370353088800e-01
6.283389264262152496e-01
6.413535577419127165e-01
6.545667302013485900e-01
6.679782954345149237e-01
6.818063682137289749e-01
6.956344409929430261e-01
7.094625137721570773e-01
7.235056889877660158e-01
7.369172542209323495e-01
7.507453270001464007e-01
7.647885022157553392e-01
7.846934046086823100e-01
8.036015408501115953e-01
8.214157898890612763e-01
8.162751551136420147e-01
7.988695015628501928e-01
7.534977777941909149e-01
7.035691734027680333e-01
6.533387540318064124e-01
6.031083346608447915e-01
5.528779152898831706e-01
